Visibility/Code off linux servers/mergeViewshed/results.asc
ncols         391
nrows         472
xllcorner     271845
yllcorner     3875415
cellsize      30
NODATA_value  -9999
[rows 222 to 258 of 472, columns 168 to 251 of 391]
6171 7441 7072 3689 2964 2598 2371 2166 2034 1892 1713 1561 1410 1456 1592 1731 2274 2932 3610 4210 4833 5561 6554 7661 8993 9319 9185 9032 8898 8867 9101 9440 9719 10475 11578 11974 9859 7996 7540 8919 9764 10557 11231 10617 6571 5300 5774 6823 7456 8015 8910 8816 7945 8384 8933 9425 9639 9589 9633 10015 10467 11266 11904 12811 13048 11240 11081 9872 9148 7635 4906 3631 3291 3757 5113 6292 7019 7177 6538 5959 5741 6523 7148 7847
5073 7163 7322 3634 2972 2610 2258 2093 1944 1786 1660 1599 1467 1345 1492 1540 1724 2496 3291 3876 4682 5512 6486 7630 8670 9037 8732 8285 8554 8498 8830 9074 9531 10179 10730 11241 9828 7876 7479 8754 9697 10432 11643 11965 8206 4494 4318 5244 6090 6687 7640 7711 7630 7579 8076 8659 8772 8618 8678 9062 9727 10414 11087 11746 11918 11119 11099 10071 8651 7807 5756 4085 3757 3494 4045 5628 6559 6793 6113 5801 5991 6488 7280 7915
5087 7194 6951 3458 2969 2654 2254 2043 1878 1718 1615 1512 1437 1356 1357 1422 1579 1986 3101 3669 4468 5296 6404 7559 8190 8533 8261 7778 7805 8031 8397 8826 9259 9878 10462 10702 9471 7589 7733 9019 9559 10489 11965 12335 10101 5117 4473 4657 5621 6423 6980 7333 7281 7541 8348 8618 8182 7860 7963 8636 9249 9923 10351 11189 10489 10090 10563 11009 8461 7730 6919 5052 4306 3670 3547 4777 6040 6543 5799 5417 6026 6594 7274 8103
5385 7574 7158 3730 3168 2830 2249 1864 1684 1638 1569 1450 1383 1385 1318 1284 1400 1609 2620 3475 4154 4809 5799 6848 7489 7832 7614 7141 7339 7478 7746 8246 8950 9535 9908 9856 8731 7705 8241 8901 9343 10450 12056 12482 10161 5957 4447 4428 5208 5959 6532 6797 6793 7588 8403 8149 7186 7250 7607 8147 8734 9318 9771 10289 9678 9153 9815 10559 9054 7514 7145 6424 6038 5621 4375 4818 5802 6193 6025 5799 6094 6751 7469 8521
4850 7506 8246 6588 3675 3177 2572 2016 1704 1530 1546 1414 1327 1320 1292 1130 1173 1391 2058 3187 3850 4551 5320 6068 6557 6950 6980 6494 6682 6814 7160 7438 8164 8678 9078 9090 8043 7007 8015 8567 9272 10531 11784 12880 9732 6223 4263 3761 4379 5222 6031 6430 6442 7445 7871 7246 6827 6783 7144 7638 8069 8776 9196 9335 8788 8449 9097 10001 9605 7065 6950 6469 6432 5935 5516 5361 5706 6035 5778 5960 6297 7019 7955 8653
4955 7501 8828 8841 5893 3548 3102 2294 1920 1840 1734 1469 1357 1242 1143 1085 1043 1208 1767 2649 3385 4087 4703 5180 5714 6070 6113 6040 6079 6220 6509 6742 7358 7803 8315 8140 7168 7197 7596 8355 9224 10555 11633 12609 10154 8670 4317 3702 3393 4506 5226 5713 5856 6851 7288 6860 6507 5995 6571 7011 7517 8170 8563 8261 7993 8026 8531 9374 9599 7040 6745 6540 6386 6249 6042 6373 6809 6193 5310 5622 6282 7141 7895 8468
4715 6621 8460 9176 8453 5377 3389 2960 2659 2334 1974 1644 1377 1256 1138 1066 999 1065 1530 2251 2984 3577 4139 4427 4836 5202 5329 5358 5385 5696 5970 6165 6710 7073 7486 7286 6818 6778 7433 8211 9423 10304 11048 11831 11277 8919 6049 3940 3403 3809 4646 5042 5221 6216 6670 6662 6177 5778 6142 6425 7063 7818 7814 7616 7458 7452 8093 9056 9223 7943 6047 5927 6420 5886 6280 7076 7289 7440 5725 4355 5069 7102 7692 7964
4398 6412 8144 8816 8796 7228 5421 3657 3087 2665 2265 1792 1496 1380 1249 1165 1082 1057 1353 1930 2384 2784 3207 3569 3853 4221 4349 4499 4758 5211 5468 5652 5920 6407 6569 6549 6286 6447 7200 8224 9142 9880 10279 10596 11632 9284 8194 4433 3497 3213 3884 3624 4579 5502 6364 6362 5934 5524 5772 6125 6658 7155 7447 6636 6857 7070 7552 8351 8926 7693 6246 5941 5652 5990 6343 6992 7795 8198 7725 3677 2360 6098 7158 7581
4285 5945 7080 8199 8562 8134 7908 7206 4453 3177 2610 2084 1742 1540 1430 1263 1164 1102 1212 1684 1995 2098 2386 2780 3283 3537 3813 4059 4387 4697 4963 5173 5466 5709 5966 5873 5922 6311 7142 8158 8760 9097 9247 9778 10934 10330 7935 6618 3451 2949 2528 2474 3149 5020 5966 6179 6156 5602 5642 5901 6234 6871 6897 6695 6591 6724 7210 7992 8499 8247 6034 5671 6059 5925 6261 7133 7738 8399 8400 5223 2922 3514 6266 6727
4210 5398 6412 7641 7688 8051 7544 7861 6486 5366 2810 2307 1847 1563 1469 1288 1197 1061 1096 1343 1641 1712 2038 2386 2847 3027 3315 3583 3875 4293 4581 4647 4869 5069 5114 5199 5284 5985 6887 7665 8065 8086 8281 8823 9471 10387 8038 6854 3870 2650 2312 1996 2310 3839 5647 6150 6167 6079 5940 6019 6178 6541 6619 6450 6326 6458 6959 7495 8224 8047 7113 5612 5160 5498 6325 6804 7505 8106 8417 6840 4295 2432 4105 4579
4147 5016 5604 6280 6658 6849 6721 6758 6616 5429 4464 2177 1804 1491 1380 1268 1126 975 890 1201 1571 1832 2097 2357 2647 2893 3097 3236 3542 3793 4047 4028 4154 4335 4387 4479 4850 5453 6232 6819 7023 7095 7469 8079 8860 9858 9259 6552 4362 2750 2441 2221 2096 3324 5114 5713 5959 6142 5952 6022 6049 6308 6407 6224 6111 6149 6690 7339 7693 7805 6859 6572 4520 5048 5531 6513 6949 7289 7982 7968 4566 3418 3067 3009
3922 4382 4833 5016 5760 5795 5918 5798 5943 5308 4316 2860 1674 1499 1327 1136 975 864 975 1356 1629 1917 2181 2549 2783 2834 2622 2638 2938 3206 3531 3507 3643 3616 3810 4019 4300 4880 5424 5747 6025 6120 6594 7342 7870 8646 9401 8806 5567 3089 2702 2361 2264 3173 4575 5414 5678 6143 6202 6212 6078 5883 6103 6072 5945 6032 6464 6961 6932 7262 7140 6366 4357 4210 5032 5712 6364 6677 7212 7438 4571 3645 3070 2834
4223 4216 4102 4617 4824 5067 5035 5042 5211 4865 3941 3468 2798 1576 1219 1047 930 987 1404 1676 1872 2171 2508 2817 2873 2752 2253 2171 2343 2491 2519 2486 2520 2591 2855 3112 3644 4111 4668 4903 5119 5458 5952 6536 7327 7898 8791 9851 7306 5451 3077 2623 2458 3188 4440 5374 5600 6124 6500 6300 5937 5653 5600 5772 5800 5949 6219 6470 6498 6538 6401 5789 5610 5358 5074 5513 5693 6025 6274 6584 5256 3220 3041 3367
3070 3282 3597 3777 4010 4185 4167 4264 4462 4456 4188 3354 2857 2476 1318 936 985 1379 1950 2386 2562 2406 2667 2940 3004 2811 2640 2533 2447 2566 2444 1772 1824 1717 1940 2207 2689 3242 3828 4223 4339 4643 5360 6080 6778 7704 8442 9416 8918 6225 5663 4021 2615 2974 4133 5012 5250 5302 6192 6499 6561 5286 4830 5262 5541 5656 5831 5884 5743 5772 5632 5575 5518 5003 5272 5370 5448 5552 5699 5791 5421 4500 4785 4940
2661 2190 2301 2637 3061 3303 3467 3580 3706 3814 3804 3487 3126 2217 1792 1193 1374 1988 2706 3123 3198 3010 3213 3033 3132 3120 3145 3039 3085 2910 2460 1735 1699 1517 1331 1553 1904 2410 2861 3307 3576 3998 4779 5501 6388 7034 7462 8406 7959 7294 7296 5405 3826 2485 3555 3688 4501 5008 5646 6419 6741 5570 5182 4854 5394 5276 5383 5383 5317 5208 5322 5216 5333 5190 5206 5256 5186 5229 5251 5276 5228 5201 5338 5283
2419 1921 1473 1771 2223 2528 2782 2924 3002 3098 3168 3187 2892 2118 1781 1575 2251 2919 3461 3713 3928 3554 3694 3662 3651 3668 3887 3733 3956 3861 2591 2223 1904 1618 1350 1248 1454 1730 2158 2571 2893 3281 3874 4656 5415 5734 5978 6025 6605 6866 7502 6928 5333 4370 3357 3337 4055 4722 5299 6074 6397 6090 5138 5337 5329 5545 5362 5162 4904 5129 5220 5269 5259 5244 5150 5230 5118 5161 5018 5132 5176 5290 5492 5614
2088 1521 1263 1221 1688 2011 2168 2338 2427 2501 2738 2904 2999 2395 2307 2714 3093 3471 3776 4091 4339 3943 3677 3582 3503 3478 3841 4391 4365 4257 2613 2414 1947 1654 1455 1332 1267 1372 1668 2031 2202 2559 3079 3687 4221 4279 4545 4829 4849 5330 5639 7096 6458 5699 4138 2796 3383 4089 4847 5579 5875 5882 5637 5490 5388 5490 5514 4330 5046 4987 5226 5200 5149 5236 5332 5143 5183 4996 4974 4895 5195 5366 5652 6029
2288 1338 1086 1151 1508 1756 1913 2108 2229 2312 2461 2640 2982 3249 3294 3294 3508 3781 4069 4389 4163 3976 3949 3806 3441 3524 3643 4424 4709 4004 3368 2835 2167 1797 1597 1432 1302 1260 1539 1830 2012 2149 2528 2938 3362 3217 3341 3619 3930 4251 4948 5248 6493 6439 4727 4071 3653 3965 4434 5091 5438 5451 5491 5252 5398 5414 5364 5010 5037 5093 5076 5156 5264 5282 5452 5381 4796 4036 4276 4468 4960 5541 5998 6472
2323 1858 1347 1479 1452 1699 1907 2004 2183 2419 2678 2934 3136 3444 3556 3669 3923 3837 4063 4653 4509 4365 4387 4275 4183 4119 4775 5138 5156 4131 3978 3345 2502 2105 1841 1586 1396 1306 1286 1677 2020 2098 2213 2343 2564 2367 2518 2628 2951 3402 3892 4512 5379 5938 5497 4278 3691 3930 4191 4478 4676 4686 5032 5074 5041 5228 5146 5042 5097 5072 5164 5187 5369 5523 5554 4545 3975 3652 3929 4269 4795 5294 5903 6386
2006 2072 1934 1990 2118 2180 2251 2328 2158 2578 2821 2975 3259 3689 3958 4232 4463 4540 4704 4871 5057 4895 4828 4966 5003 5547 6221 5107 4634 4578 4215 3421 3005 2586 2104 1767 1474 1337 1458 1704 1893 1968 2044 2096 2085 1855 2008 2230 2422 2741 3133 3618 4234 4846 4805 4367 3497 3510 3752 3923 4053 4216 4802 4684 4865 4715 4827 4842 4965 5060 5259 5195 5463 5645 5826 5646 4166 4058 3887 4193 4472 4564 4858 5031
1951 1952 2085 2157 2416 2582 2617 2731 2434 2345 2632 3065 3511 3918 4329 4665 4952 5131 5318 5536 5689 5889 6110 6369 5714 6073 6912 5149 5190 5048 4215 3722 3233 2859 2513 2113 1749 1638 1736 1760 1876 1835 1876 1972 2071 2161 2278 2290 2320 2494 2760 3253 3740 4257 4310 3738 3500 3363 3611 4012 4134 4230 4635 4717 4568 4621 4606 4683 4757 5027 5213 5119 5344 5784 5947 5984 4723 4461 4299 4599 4911 5061 5296 5637
1944 2076 2269 2554 2817 2890 3006 2733 2686 2620 2968 3391 3819 4219 4566 4920 5244 5455 5638 5802 5945 6144 6571 7242 7960 7132 7508 5729 5976 5045 4363 3815 3319 3080 2847 2545 2240 2142 2169 2068 1859 1860 1831 1870 1950 2035 2218 2318 2288 2399 2682 3077 3463 3573 3517 3418 3395 3386 3865 4177 4363 4666 4682 4707 4483 4460 4269 4367 4838 4897 4818 4946 5237 5771 6307 6477 6279 4843 4847 5374 6097 6419 6203 6541
2234 2478 2694 3028 3062 3049 2388 2282 2201 2449 3024 3485 3965 4331 4705 5096 5312 5556 5723 5962 6044 6170 6572 7379 8278 9635 10887 6695 5953 4945 4470 3986 3637 3458 3204 3057 2869 2857 2758 2474 2104 1878 1904 1859 1940 1984 2104 2254 2299 2454 2712 3030 3347 3371 3321 3534 3640 3869 3998 4173 4314 4779 4712 4699 4597 3987 4615 4408 4668 4274 4362 4686 5257 5599 6097 6455 6271 5276 5113 5591 6722 7391 7763 8268
2637 2878 3151 3313 2907 2036 1499 1221 1344 1998 2779 3430 3895 4260 4559 4895 5164 5441 5661 5852 6065 6312 6998 7879 9797 11515 13046 10045 6507 5592 4574 4174 3818 3750 3596 3383 3326 3206 3043 2747 2428 2262 2017 2020 2009 2063 2195 2401 2482 2702 2735 2967 3158 3484 3715 3628 3653 3690 3729 3865 4278 4678 4545 4637 4832 4868 5100 4827 4473 4443 4256 4584 5119 4894 5420 6112 5846 5583 5493 6248 7122 7893 8614 9274
3008 3375 3492 3331 1929 1662 1308 1074 1239 1860 2566 3228 3729 4234 4593 4785 5037 5256 5419 5667 6101 6126 6789 8300 9533 9305 11932 9770 8483 5910 5266 4332 4004 3873 3797 3713 3535 3454 3129 2805 2401 2266 2144 2030 2086 2171 2340 2443 2717 2846 2949 3047 3341 3418 3635 3382 3401 3482 3527 3862 4218 4547 4556 4728 5001 5366 5761 5927 5445 4918 4592 4892 5497 5173 5334 5712 6111 6077 5748 6190 7340 8159 8929 9686
3373 3745 3784 2712 1977 1507 1246 1335 1543 2264 2984 3475 3900 4323 4657 4950 5094 5309 5394 5456 5468 5727 6132 7574 8608 8014 9214 8294 7784 7212 5516 5230 4775 4359 3966 3436 3202 3042 2717 2487 2269 2254 2168 2135 2117 2135 2208 2432 2593 2866 2984 3095 3333 3491 3310 3338 3376 3429 3585 3906 4062 4307 4490 4593 5029 5689 6200 6661 6668 5679 5117 5250 5977 5609 5816 5789 5803 6204 6390 6537 7599 8135 9029 9738
3597 3752 3479 2235 1731 1569 1593 1831 2329 2753 3398 3790 4176 4559 4886 5180 5420 5549 5410 4933 4612 4657 5422 6886 7540 7402 7722 6900 6995 6771 6286 5927 5273 4161 3502 3199 2941 2768 2634 2408 2267 2277 2247 2254 2114 2208 2214 2328 2507 2826 2984 3201 3178 3094 3248 3327 3132 3331 3666 4024 4162 4197 4279 4546 5007 5457 6223 6677 6914 6921 6925 6728 6401 6143 6098 5580 5447 6212 6921 7497 8107 8442 9343 10065
3600 3555 3148 2113 2105 2277 2434 2724 3054 3259 3683 4124 4501 4797 5043 5322 5587 5712 5357 4472 3759 3655 5605 6576 6419 6166 5833 6612 5710 5605 5456 5223 4754 3873 3159 2811 2678 2623 2745 2605 2546 2625 2553 2461 2325 2292 2208 2371 2627 2914 2984 2892 2906 3042 3096 3122 3129 3477 3997 4265 3981 4122 4024 4427 4731 5181 5912 6336 6658 6904 7155 7560 7417 6686 6383 5717 5609 6052 6986 7695 8275 8545 9510 10275
3569 3219 2654 2438 3001 3076 3229 3223 3464 3676 4177 4516 4755 5064 5313 5511 5799 5916 5475 4959 4351 4256 5004 5296 4341 3972 4960 4966 4468 4295 4019 3879 3447 3016 2680 2675 2699 2697 2867 2925 2888 2967 2851 2718 2473 2388 2251 2375 2739 2563 2363 2806 3080 3027 3121 3360 3452 3769 4633 4962 4284 4057 4050 4187 4407 4999 5582 6028 6454 6886 7370 7947 8549 8025 7026 5986 6105 6129 6992 7465 8156 8602 9480 10370
3536 3255 2663 3047 3438 3678 3664 3683 3863 4232 4517 4821 5098 5254 5512 5721 5946 6247 7390 7058 5854 4835 4699 4234 2088 2278 3478 4083 3858 3694 3208 2905 2685 2572 2681 2715 2763 3017 3160 3217 3304 3206 3093 3017 2746 2462 2315 2562 2605 2274 2054 2693 3469 3461 3410 3648 3684 4024 5024 5468 4550 4436 4427 4373 4351 5128 5696 6052 6305 6762 7641 8168 8663 8342 7589 6841 6505 6383 6785 7438 8056 8621 9672 10570
3461 3144 3004 3246 3632 3898 4030 4135 4179 4511 4756 5051 5253 5363 5525 5656 5983 6621 8549 7497 5458 4624 3493 2915 1984 1591 1940 2869 3498 3138 2572 2293 2242 2373 2408 2899 3324 3478 3697 3647 3508 3427 3312 3107 2561 2285 1934 2666 2942 2762 2786 3237 4035 3592 3583 3910 3933 4472 5614 5989 5378 4750 4733 4426 4489 5398 5735 5852 6126 6647 7533 8413 9014 9636 8434 7951 7154 6933 7129 7554 8200 8554 9799 10722
3625 3468 3170 3297 3700 4014 4178 4301 4321 4464 4697 5050 5275 5398 5350 5380 5682 6568 8715 6655 4608 3937 3512 2926 2585 1605 1611 2194 2705 2642 2203 2193 1912 1724 2366 3249 3960 4271 3883 3711 3970 3880 3385 2814 2378 1979 2588 3159 3267 3556 4004 4754 4992 4158 3839 4151 4515 4883 5663 6296 6467 5825 5044 4649 4787 5489 5680 5496 5756 6493 7442 8232 9060 10026 10237 8961 8171 7862 7842 8054 8722 9437 9471 10754
3649 3675 3210 3517 3812 3992 4115 4217 4233 4327 4654 4971 5055 5024 4978 5119 5458 6379 7933 6287 4912 4205 3466 3044 2714 2379 1774 1772 2051 2253 2073 1777 1307 1870 2510 3288 4661 4774 3963 4154 3933 3343 3018 2591 2207 2201 2706 3234 3530 3839 4570 5790 6078 4570 4075 4187 4510 4747 5369 6161 6651 6357 5172 4991 4851 4986 4884 4389 5046 6026 7364 8175 9128 10321 11275 10307 9638 8318 8700 9006 9614 10376 10902 10880
4001 3925 3696 3730 3948 4134 4240 4294 4492 4581 4758 4975 5131 5179 5069 5155 6058 6550 8177 6476 5797 4853 4066 3649 3265 2854 2518 2374 2227 2105 1790 1331 1505 1953 2573 3568 5070 4817 4387 3863 3565 3107 2459 2138 2588 2504 2554 2836 3443 4036 4943 6200 6837 6481 4487 4084 4092 4436 5236 5942 6245 5510 4325 3789 3313 3134 3589 3707 3947 5567 7038 8029 8863 9767 11294 10567 10331 9606 9608 10105 10369 11038 11430 11517
4281 4105 4017 4031 4247 4357 4431 4617 4851 4936 5114 5522 5805 5891 5910 6150 6738 8099 8865 7161 6469 5438 5013 4309 3963 3573 3131 2769 2672 2181 1725 1960 2455 3238 3978 5289 5477 4908 4001 3622 3181 2647 2121 2087 2133 2147 2403 2572 3304 3854 4581 5545 6603 6809 6475 4593 4509 4625 4835 5336 5669 5422 4365 4045 2773 3030 2785 3040 3861 5417 6998 7957 8756 9701 11387 10663 10433 10329 10284 10566 11404 11752 12056 12214
4778 4420 4199 4268 4423 4525 4553 4734 5097 5442 5619 6109 6533 6718 6239 6592 8151 10686 10842 8338 6479 5875 4948 4851 4872 4758 4441 4071 3778 2965 2203 4335 5958 6906 8432 7214 5713 4508 3630 3053 3053 2655 2611 2027 1944 2270 2388 2482 2821 3327 3960 4730 5590 6626 7037 7134 5293 5413 5646 6025 6285 6076 5871 5710 5436 4981 4748 4787 5168 5966 7350 8023 8905 10362 11605 11611 11967 11799 11841 12240 12718 13986 14887 16709
5537 5170 4870 4794 4822 4709 4703 4848 5227 5617 5985 6947 7603 7333 8889 10110 11871 11834 11071 8405 6939 6041 5643 5549 5951 5774 5669 5182 5499 4597 4992 5449 6907 9203 10406 8648 5042 3845 3449 2994 3012 2590 2275 1902 2040 2260 2388 2427 2574 3054 3521 4047 4822 5831 6976 7823 7977 7298 6548 6719 7004 7226 7323 7440 7311 7109 6880 6722 6886 7518 8586 9379 10442 11559 12873 13429 13552 14340 15103 15917 16673 16683 17456 16615
