Visibility/Code off linux servers/mergeViewshed/results.asc
ncols         391
nrows         472
xllcorner     271845
yllcorner     3875415
cellsize      30
NODATA_value  -9999
[rows 0 to 36 of 472, columns 84 to 167 of 391]
-9999 -9999 -9999 -9999 -9999 -9999 -9999 -9999 -9999 -9999 -9999 -9999 -9999 -9999 -9999 -9999 -9999 -9999 -9999 -9999 -9999 -9999 -9999 -9999 -9999 -9999 -9999 -9999 -9999 -9999 -9999 -9999 -9999 -9999 -9999 -9999 -9999 -9999 -9999 -9999 -9999 -9999 -9999 -9999 -9999 -9999 -9999 -9999 -9999 -9999 -9999 -9999 -9999 -9999 -9999 -9999 -9999 -9999 -9999 -9999 -9999 -9999 -9999 -9999 -9999 -9999 -9999 -9999 -9999 -9999 -9999 -9999 -9999 -9999 -9999 -9999 -9999 -9999 -9999 -9999 -9999 -9999 -9999 -9999
-9999 -9999 -9999 -9999 -9999 -9999 -9999 -9999 -9999 -9999 -9999 -9999 -9999 -9999 -9999 -9999 -9999 -9999 -9999 -9999 -9999 -9999 -9999 -9999 -9999 -9999 -9999 -9999 -9999 -9999 -9999 -9999 -9999 -9999 -9999 -9999 -9999 -9999 -9999 -9999 -9999 -9999 -9999 -9999 -9999 -9999 -9999 -9999 -9999 -9999 -9999 -9999 -9999 -9999 -9999 -9999 -9999 -9999 -9999 -9999 -9999 -9999 -9999 -9999 -9999 -9999 -9999 -9999 -9999 -9999 -9999 -9999 -9999 -9999 -9999 -9999 -9999 -9999 -9999 -9999 -9999 -9999 -9999 -9999
4152 5038 5341 5485 5535 5421 5519 5426 5843 6185 5880 6528 7642 8704 9331 9325 9262 8787 7173 5837 -9999 -9999 -9999 -9999 -9999 -9999 -9999 -9999 -9999 -9999 -9999 -9999 -9999 -9999 -9999 -9999 -9999 -9999 -9999 -9999 -9999 -9999 -9999 -9999 -9999 -9999 -9999 -9999 -9999 -9999 -9999 -9999 -9999 -9999 -9999 -9999 -9999 -9999 -9999 -9999 -9999 -9999 -9999 -9999 -9999 -9999 -9999 -9999 -9999 -9999 -9999 -9999 -9999 -9999 -9999 -9999 -9999 -9999 -9999 -9999 -9999 -9999 -9999 -9999
3997 4599 4839 4990 4713 4806 4889 5141 5588 5696 5948 6717 7757 8449 8749 8854 8822 8552 6946 5636 5777 5831 5804 6560 7770 8543 8703 7547 6336 5133 5143 5445 5814 6337 6911 7448 7851 8073 7975 7777 7429 7110 7224 7319 7510 7737 8013 8503 9443 10377 11047 11591 12014 12516 12135 12490 13041 14009 14529 15897 16683 -9999 -9999 -9999 -9999 -9999 -9999 -9999 -9999 -9999 -9999 -9999 -9999 -9999 -9999 -9999 -9999 -9999 -9999 -9999 -9999 -9999 -9999 -9999
3532 4020 4339 4317 3878 4212 4591 5019 5344 5766 6633 7736 8322 8420 8331 8330 8579 8282 7432 4861 5272 5701 6334 7222 8095 8517 8513 7381 6028 5283 4805 5173 5703 6202 6639 6860 7175 7273 7379 7201 6803 6739 6628 6759 7003 7378 7688 8093 8822 9792 10504 11158 11801 12490 11592 11888 12288 14090 15450 16044 16296 14570 13778 13909 17626 19853 22080 20092 15061 11740 10783 10163 9701 9143 8528 7848 7205 6613 6055 5591 5223 4582 3873 3356
3184 3414 3660 3739 3564 4104 4588 5148 5939 6724 7283 8102 8336 7961 7826 7881 8131 7857 7278 5295 5475 6161 6655 7404 7945 8219 7963 7074 5928 5243 4869 5143 5552 5887 6206 6317 6464 6579 6556 6547 6322 6296 6172 6394 6744 7118 7452 7848 8315 9218 10029 10757 11727 12564 11735 12034 13784 14893 15692 15995 15418 13082 12314 12673 15189 18475 20430 19119 14255 10879 10098 9587 9051 8497 7864 7297 6775 6302 5932 5652 5297 4652 4046 3281
3040 3249 3380 3509 3365 4102 5100 5968 6449 6943 7400 7896 8086 7553 7471 7537 7720 7662 7156 6356 5491 6107 6545 7122 7662 7808 7544 6541 5773 5261 4775 5168 5404 5743 5740 5663 5725 5943 5957 5922 5807 5795 5886 6179 6511 6921 7290 7613 7912 8342 9353 10425 11615 12601 13448 14039 14481 15055 15594 15711 14629 12167 10834 11289 12013 15644 18828 17090 11022 9985 9576 9062 8494 7910 7401 6816 6395 5906 5725 5573 5320 4842 4046 3196
2966 3150 3137 3410 3749 4460 5080 5925 6390 6723 7157 7609 7595 7296 6952 7144 7430 7493 7154 6576 6048 6059 6334 6779 7115 7359 6720 6013 5461 4876 4792 4997 5403 5520 5306 5137 5146 5269 5325 5251 5273 5353 5624 5941 6218 6584 6934 7153 7356 7662 8652 10027 11261 12495 13419 14044 14573 14931 15359 15228 13604 11688 10295 10361 10756 11251 16000 14278 10000 9360 9026 8494 7805 7298 6752 6452 5842 5716 5742 5562 5224 4758 3996 3033
2838 3102 3218 3433 3588 4252 4837 5440 5913 6323 6663 7089 7044 6906 6665 6776 6914 7081 6938 6470 6023 5822 5927 6364 6519 6728 6269 5552 5254 4803 4858 5152 5300 5148 4687 4379 4258 4098 4086 4098 4112 4325 4724 5220 5589 6062 6440 6650 6876 7218 7943 9467 10870 12221 13131 13829 14231 14462 14566 14292 12007 10370 9348 9389 9965 10470 13280 15125 11293 8979 8511 8128 7625 7080 6786 6284 5931 5657 5793 5560 5252 4816 3838 2875
2641 2983 3217 3552 3684 3806 4422 5033 5482 5867 6271 6591 6553 6415 6336 6287 6546 6632 6593 6245 5698 5610 5735 5771 5849 5977 5812 5591 5053 4808 4893 4973 4934 4630 3947 3483 3197 2919 3014 2900 2847 2939 3334 3885 4357 5062 5630 6072 6332 6659 7354 8750 10203 11623 12586 13245 13538 13626 13357 12779 10606 8731 8149 8405 9109 9699 9682 11150 13097 8745 8433 8011 7661 7168 6878 6591 6478 6439 6154 5732 5328 4921 4491 4098
2469 2720 3064 3519 3494 3812 4101 4709 5126 5538 5686 6022 6044 6072 5910 5900 6124 6193 6140 5944 5593 5531 5431 5390 5372 5572 5413 5291 4742 4468 4573 4405 4240 3873 3225 2500 1951 1943 2030 2095 2029 1996 1990 2525 3075 3655 4324 4946 5394 5851 6310 7316 9250 10640 11580 12179 12526 12406 11788 10388 8764 7388 7406 7389 7809 8169 8165 7672 8415 8518 8046 7962 7764 7470 7448 7568 7447 7009 6451 5953 5582 5254 4947 4632
2340 2476 2827 3153 3463 3843 4330 4791 4962 5152 5421 5508 5577 5629 5623 5611 5702 5753 5661 5425 5367 5194 5459 5357 5140 5096 4976 4721 4588 4399 4061 3906 3363 2589 1909 1524 1619 1754 1879 1920 1639 1532 1692 1919 2116 2651 3211 3565 3870 4342 4934 5816 7491 9334 10513 11105 11234 10570 9844 8613 7095 6096 5821 5692 5826 6294 6217 6407 6221 6293 7352 8311 7988 8027 8214 7991 7781 7241 6678 6086 5716 5302 5037 4795
2081 2255 2561 2902 3435 3906 4413 4683 4885 4948 4987 5078 5334 5421 5191 5274 5429 5167 5146 5043 5084 5282 5608 5542 4973 4445 4408 4260 4087 3995 3609 2753 1915 1464 1285 1406 1561 1689 1775 1717 1422 1344 1347 1710 1914 2113 2320 2502 2538 2908 3418 4233 5796 7647 8919 9623 9760 9415 8354 7055 4503 3050 2956 3026 3713 4009 4606 4956 5241 5345 5749 8506 8271 8089 8461 8276 7861 7334 6693 6180 5738 5336 5019 4777
1553 1426 2376 2776 3231 3694 4202 4436 4745 4830 4895 5001 5292 5309 5299 5355 5196 5048 4810 4728 4730 5110 5331 5296 4814 3948 3754 3642 3788 3521 3211 2180 1470 1340 1229 1161 1491 1733 1796 1603 1571 1228 1237 1489 1850 1994 2080 1931 1970 2142 2325 2912 3919 6303 8164 8945 9180 8601 7391 4285 1347 1124 1214 1907 2365 2828 3331 4067 3748 3964 5356 7631 8321 8467 8602 8500 8126 7391 6794 6284 5819 5462 5036 4729
1479 1528 2231 2601 3170 3635 3989 4212 4756 4855 4715 4876 5184 5222 5435 5430 4998 4755 4610 4510 4610 4772 4949 4882 4121 3780 3609 3504 3655 3590 3241 2187 1585 1462 1308 1233 1320 1535 1784 1718 1598 1276 1151 1400 1789 1977 2057 1841 1935 1929 2072 2266 2897 4817 7033 8219 7779 7703 6660 2233 1519 1018 1107 1800 2215 2509 3129 3629 3466 3674 4546 6220 8787 9627 9787 9159 8472 7602 6991 6496 5988 5545 5041 4775
1537 2069 2339 2676 3143 3438 3653 4302 4601 4712 4768 4747 5073 5114 5166 5206 4810 4729 4552 4277 4393 4375 4374 4363 4169 3693 3564 3509 3396 3234 3182 2394 1955 1592 1506 1399 1457 1550 1856 1770 1658 1014 1038 1348 1750 1922 1933 1817 1902 1975 2019 2127 2361 3924 5310 6805 7513 7765 6653 3436 1637 680 973 1453 2066 2583 2988 3229 3597 3229 5476 6347 10171 10460 10129 9609 8854 7941 7171 6623 6094 5658 5162 4831
1958 2425 2644 2322 2794 3215 3600 4072 4184 4516 4536 4722 4860 4962 4832 4918 4774 4636 4407 4252 4016 4037 3863 3989 3970 3664 3545 3365 2863 2847 3031 2870 2304 1775 1660 1525 1607 1630 1900 2011 1743 1095 948 1121 1577 1698 1623 1670 1781 1904 1961 2098 2236 3416 5358 6894 7598 7803 7347 4227 1736 1103 1183 1362 2056 2465 2961 3875 3651 4223 6048 9280 10974 10832 10400 9790 9094 7940 7183 6627 6114 5546 5109 4774
2202 2687 2495 2430 2434 2906 3418 3735 4102 4404 4410 4576 4721 4659 4586 4717 4597 4385 4285 4127 3923 3569 3590 3673 3723 3558 3386 2930 2734 2926 3508 3462 2828 2273 1744 1716 1707 1697 1882 2192 1764 1438 996 1242 1496 1505 916 1150 1479 1601 1810 1997 2154 3413 5404 6977 7700 8174 8078 5689 2491 1172 1071 1347 1827 2451 2993 3595 3929 4490 6692 10841 11161 10784 10293 9720 8851 7728 7011 6322 5863 5365 4884 4480
2449 2633 2534 2261 2340 2868 3158 3457 3721 4075 4400 4616 4556 4460 4622 4540 4377 4128 4054 3877 3478 3123 3196 3237 3430 3393 3141 3271 3453 3674 4127 4561 4401 4075 3169 3155 3168 2223 2296 2505 1940 1723 1321 1431 1587 1228 609 871 1090 1233 1369 1701 2026 3384 5487 7153 7990 8432 8775 8519 4468 1815 1235 1322 1773 2515 3214 3777 4350 5978 9531 11060 11011 10585 9979 9410 8571 7531 6784 6175 5659 5170 4623 3827
2403 2569 2292 2134 2179 2586 2890 3417 3749 4382 4386 4616 4588 4714 4598 4460 3926 3699 3667 3306 2952 2556 2674 3041 3179 2987 3256 3547 3848 4109 4471 5009 5169 6259 6148 6220 4903 4683 4714 4734 4666 2936 1774 1666 1616 1270 625 902 806 876 1046 1405 1770 3291 5822 7403 8143 8882 9048 9405 9107 5516 1740 1825 2881 4337 5739 5705 4798 7190 10237 11268 10856 10237 9643 9166 8402 7477 6681 6116 5569 5045 4558 3613
2344 2341 2125 1921 2027 2257 2580 3154 3777 4028 4283 4567 4507 4416 4145 3930 3241 3169 3021 2793 2290 2137 2453 2797 3049 3496 3766 4034 4689 5148 5998 7001 7786 8175 8287 8204 8578 8411 8054 6755 6034 5938 5068 3444 1861 1451 1015 919 572 496 717 1197 1665 3887 6304 7873 11818 13647 15162 16292 16090 14592 9746 8362 8699 9788 10685 11501 10269 7117 12165 11472 10825 10049 9411 9086 8661 7755 6781 6096 5559 5016 4424 3579
2198 2189 1759 1782 1660 1930 2313 2654 3278 3700 4133 4065 3828 3470 3250 2435 2609 2688 2679 2519 2348 2010 2202 2522 2984 3438 4078 4640 5170 5906 6568 7214 7455 7693 7725 7831 8456 8477 8973 9330 9730 9578 6330 6171 5171 2325 1093 993 602 385 652 1084 1612 4860 6994 12524 14305 15111 15968 16447 17407 17048 16910 16657 17083 17018 17892 18653 20146 23642 13684 11875 10733 10017 9565 9123 8986 8131 6951 6153 5595 4698 3754 2662
2162 2147 1793 1772 1561 1523 2108 2482 2994 3631 3964 4000 3473 2934 2042 1788 1814 2210 2278 2211 2066 1987 2162 2265 2719 3207 3975 4654 5012 5669 6334 6513 6422 6519 6667 6953 7432 8041 8709 9217 9657 9868 10086 8953 6811 5836 2332 1092 640 420 541 986 2720 7786 11904 13473 14254 14983 16160 17290 17763 17873 18113 17717 17633 18386 19265 20222 24674 27442 24528 13000 10582 10080 9764 9277 9275 8561 7245 6228 5618 4224 3068 2171
2272 2154 1817 1700 1539 1418 1892 2284 2645 3568 3835 3957 3672 2764 1796 1346 1516 2078 2037 1865 1934 1841 1775 2151 2664 2967 3542 4176 4541 4935 5310 5415 5332 5501 5712 6039 6579 7083 7792 8311 8938 9677 10022 10355 9177 7128 6676 2720 756 424 402 998 5956 11438 13338 13700 14388 15315 16103 16540 16998 17440 17889 18300 17828 18382 19727 21051 22559 24956 26222 20686 10522 10202 10025 9608 9576 9048 7453 6401 5298 4058 2295 2006
2574 2216 1993 1761 1563 1233 1664 2047 2436 3190 3611 3936 3856 2564 1569 1562 1790 1714 1938 1673 1771 1685 1726 2047 2266 2717 2969 3254 3526 3984 4229 4430 4542 4636 4982 5207 5619 6055 6597 7277 8054 8848 9589 10329 10833 10822 9811 7067 3419 1974 1469 5475 9824 11324 12225 12883 13727 14629 15310 15924 16279 16801 17365 17910 18208 19019 19620 20338 20683 20788 21846 24570 13775 10542 10348 10329 10251 9576 7957 6465 5128 3463 2261 1941
2591 2302 2018 1951 1576 1286 1048 1819 2248 2836 3322 3917 4209 3265 2465 2138 2047 1981 1644 1596 1474 1579 1606 1679 2018 2168 2280 2456 2656 3027 3312 3502 3619 3694 4155 4481 4770 5176 5542 5920 6722 8163 9238 10092 11008 11858 13343 14243 12206 10629 10679 10451 10353 10193 10538 11251 12249 13308 14137 14800 15355 16001 16588 17110 17636 18190 18817 19411 19650 20014 19785 19478 22230 15134 11708 11813 11254 10449 8627 6630 4719 2690 2264 1362
2561 2184 1985 1898 1582 1303 1068 1982 2259 2423 3137 3578 4157 4631 4697 3097 2407 1858 1459 1323 1306 1344 1327 1576 1714 1772 1842 1879 2023 2369 2557 2653 2725 2978 3228 3769 4188 4371 4786 5160 5758 6745 8487 9453 10794 11882 14223 13769 12919 12318 12163 11141 9961 9615 9706 10181 10918 12073 13018 13860 14519 15046 15817 16352 16934 17464 18043 18397 18778 19119 19190 19818 22469 24421 13973 12380 11679 10807 9443 6843 4780 2654 1405 1611
2665 2244 1977 1698 1675 1137 1300 2117 2408 2617 3032 3390 3761 4536 4564 3236 1885 1529 1373 1257 1190 1229 1473 1520 1699 1593 1637 1670 1675 1821 1949 2032 2112 2345 2704 3346 3676 3781 4160 4487 4881 6230 7954 9623 10940 12199 13725 12987 12492 12495 12549 11562 9931 9004 9242 9561 10055 11064 11978 12814 13605 14258 15006 15566 16127 16565 16961 17287 17571 17802 18129 19388 20867 25674 24919 16953 13791 11691 9955 7233 4308 2708 1753 1968
4236 3592 2566 2192 1810 1638 1725 2267 2544 2770 2968 3286 3597 4134 4314 2788 1758 1457 1316 1201 1253 1287 1400 1521 1611 1414 1350 1428 1485 1680 1666 1654 1714 1898 2346 2776 3259 3713 4045 4378 4870 6243 9140 10292 11385 13330 13415 12274 12224 12194 12271 11441 9907 9151 8820 8946 9265 10089 10996 11996 12808 13413 14030 14588 14982 15380 15833 16143 16624 17097 17452 18456 19682 24580 25919 20428 15808 13075 9960 7500 4340 3029 2029 2805
5440 4462 3845 2988 2241 2115 1912 2433 2517 2465 2920 2907 3457 3809 3686 2154 1678 1379 1307 1217 1279 1321 1311 1475 1482 1282 1308 1436 1489 1601 1596 1717 1758 1849 2073 2510 3309 3785 4289 4620 5021 7625 9712 10720 12144 12672 12807 11824 12160 11890 11975 10937 9413 8552 8355 8516 8843 9355 10261 11177 11956 12654 13191 13641 13950 14337 14661 14876 15485 16187 16930 18112 19823 24206 25196 23319 16041 13206 10015 8932 4941 3659 2741 5311
5745 4784 4063 3325 2738 2129 1828 2222 2450 2473 2499 2780 3139 3501 2700 2066 1637 1343 1175 1108 1176 1207 1335 1417 1474 1127 1279 1470 1605 1583 1711 1837 1883 1904 2017 2407 3477 3998 4467 4933 7434 9242 10511 11251 11702 12005 11911 11610 12004 11986 11169 10454 8794 8200 7854 7972 8280 8836 9472 10436 11290 11850 12372 12799 13173 13589 14033 14199 14875 15609 16368 17511 19218 22838 24629 23727 17642 14269 12641 11153 8228 5835 6145 9961
5722 5045 4097 3732 2717 2318 2248 2571 2524 1689 1765 1968 2517 3084 2547 2046 1564 1296 1053 834 1056 1189 1195 1290 1293 1083 1289 1476 1584 1819 1969 1991 2107 2341 2713 3050 3670 4193 4593 5002 7863 9798 9909 10201 10721 10919 11121 11525 11980 11876 11003 10194 8649 8031 7419 7253 7574 8177 9041 9782 10521 11001 11388 11860 12330 12834 13138 13800 14528 15147 16189 17281 18544 21388 23329 23324 19730 16285 13159 11883 12129 12555 13602 12362
5162 4988 4408 3775 3418 2793 2761 2799 2826 2751 2697 2267 2714 3337 3040 2341 1904 1455 1212 994 1057 1172 1179 1275 1313 1369 1522 1478 1519 1745 2091 2256 2382 2777 3145 3532 3957 4537 5653 8783 9835 8856 9135 9438 9766 10335 10807 11194 11647 11860 10395 9899 8826 7717 6987 6711 6989 7581 8636 9414 9780 9984 10301 10869 11494 11988 12480 13185 13636 14556 15538 16619 17470 19537 20934 22097 20686 16560 13473 12098 12891 12558 12726 11898
4975 4535 4325 3779 3643 2819 2941 2781 2810 2663 2750 2892 2906 3484 3891 2613 2134 1806 1463 1231 1182 1080 1038 1123 1209 1280 1396 1486 1381 1513 1865 2390 3092 3944 4827 5665 6600 7322 8888 9637 9114 8210 8005 8473 9113 9628 10217 10421 10462 9653 9123 8747 8186 7319 6552 6269 6722 7475 8143 8699 8891 8897 9347 10003 10514 11065 11797 12279 13033 14006 14546 15608 16479 17359 19511 21312 20365 16726 13706 11820 11138 10413 9465 9300
4612 4272 3968 3595 3419 3077 2723 2288 2261 2379 2597 2830 2908 3497 4353 3110 2231 1896 1639 1387 1169 1014 846 844 920 903 773 950 1001 1257 1808 2073 3095 4251 5344 6329 7214 8063 8473 8555 8281 7199 7294 7793 8426 8989 9069 9229 8520 7706 7368 7200 7285 6718 6089 5961 6329 7053 7544 7861 7826 8060 8478 9021 9645 10158 10848 11568 12455 13170 14009 14838 15527 16372 17933 21115 19813 16090 11142 9438 7102 6483 6801 7085
4207 3828 3564 3215 3062 2734 2452 2156 2075 1955 2153 2504 3007 3590 4422 4099 2790 2070 1808 1517 1270 1064 940 862 717 723 681 620 716 1041 1602 2121 2861 3331 4174 4900 5576 6461 7030 7595 7460 6546 6652 7094 7747 8097 8194 8060 7497 6606 6283 6093 6485 5854 5303 5502 5896 6313 6556 6740 6950 7380 7763 8061 8430 9129 10179 10810 11890 12563 13415 13981 14491 15397 16429 17403 18562 15988 9705 6610 5972 5734 5842 6143
3657 3418 3064 2699 2662 2535 2319 2190 1946 2196 2424 2729 3215 3724 4581 5837 4180 2207 1904 1620 1427 1188 1053 895 748 589 491 448 561 923 1374 1763 2158 2392 2674 3366 4158 5069 5730 6188 6185 6228 6248 6363 6680 7245 7314 7425 6833 5889 5488 5134 5406 4834 4807 4802 5023 5344 5495 5502 5999 6454 7028 7028 7460 8028 8912 10064 11009 11857 12541 13152 13784 14397 14925 15653 16968 13241 6970 6259 5742 5496 5389 5361
