Visibility/Code off linux servers/mergeViewshed/results.asc
ncols         391
nrows         472
xllcorner     271845
yllcorner     3875415
cellsize      30
NODATA_value  -9999
[rows 296 to 332 of 472, columns 0 to 83 of 391]
-9999 -9999 -9999 -9999 1847 1857 1786 1651 1542 1410 1297 1188 1059 937 858 761 774 865 1095 1269 1328 1324 1317 1327 1267 1182 1091 1029 1024 1011 1113 1378 1684 1912 1902 1769 1645 1512 1453 1448 1426 1452 1482 1526 1691 1769 1872 1999 2096 2049 2074 2021 1908 1597 1281 1188 1165 1154 1139 1090 1134 1247 1274 1308 1329 1307 1270 1212 1229 1185 1221 1258 1265 1227 1089 1009 1002 1034 1058 1066 1126 1192 1329 1358
-9999 -9999 -9999 -9999 1703 1706 1621 1524 1403 1322 1227 1097 991 883 853 768 831 929 1078 1173 1185 1191 1190 1173 1144 1067 1037 1008 999 1020 1142 1297 1410 1710 1760 1632 1503 1384 1183 1194 1193 1224 1211 1263 1455 1616 1738 1949 2113 2079 2127 1932 1766 1493 1247 1156 1102 1135 1088 1130 1116 1228 1260 1330 1379 1333 1286 1219 1182 1172 1129 1153 1170 1182 1123 1089 1085 1015 1049 1100 1185 1198 1322 1420
-9999 -9999 -9999 -9999 1664 1618 1473 1368 1300 1235 1135 1030 942 835 804 769 824 898 971 1035 1088 1070 1089 1046 1013 1004 958 973 992 1018 1155 1250 1285 1427 1490 1414 1300 1066 878 867 945 963 982 1134 1271 1512 1767 1989 1986 2117 2035 1897 1608 1333 1223 1148 1056 1035 1125 1141 1204 1261 1220 1246 1361 1305 1253 1223 1181 1118 1063 1148 1149 1130 1112 1123 1114 1006 995 1064 1181 1278 1310 1404
-9999 -9999 -9999 -9999 1594 1487 1356 1282 1217 1145 1061 960 860 791 738 760 812 864 896 971 992 1010 971 956 931 926 932 922 974 1014 1119 1192 1233 1283 1247 1259 1108 913 771 787 850 917 958 1069 1306 1520 1729 1796 1853 1838 1829 1675 1391 1254 1151 1064 1002 975 1119 1188 1159 1236 1178 1133 1171 1196 1171 1115 1107 1071 1014 1068 1131 1120 1023 1031 1082 1028 1071 1113 1215 1348 1381 1482
-9999 -9999 -9999 -9999 1475 1376 1247 1165 1089 996 938 848 773 765 738 770 789 833 858 896 928 967 894 890 879 893 912 900 967 978 1069 1122 1100 1235 1187 1146 1038 885 766 759 819 935 957 1033 1180 1508 1694 1688 1656 1537 1603 1435 1306 1135 1087 1023 914 869 989 1085 1128 1161 1236 1187 1120 1131 1042 999 989 1015 1008 1084 1030 1015 990 970 1033 1077 1044 1195 1275 1428 1526 1553
-9999 -9999 -9999 -9999 1347 1233 1149 1032 958 862 809 680 614 628 694 722 759 798 931 937 956 898 856 835 843 831 861 856 900 941 993 996 1041 1120 1149 1105 1028 862 758 748 826 945 937 993 1207 1398 1486 1449 1494 1407 1385 1354 1243 1137 1026 965 904 790 849 1009 1067 1051 1176 1123 1090 1102 1048 986 942 929 989 1049 1034 1012 996 964 1027 1147 1228 1305 1395 1494 1640 1760
-9999 -9999 -9999 -9999 1159 1106 994 896 826 711 597 508 456 461 502 585 695 743 852 974 962 858 802 773 765 783 796 818 844 896 902 914 914 977 1123 1070 982 835 756 768 795 927 939 1031 1119 1191 1242 1244 1169 1290 1266 1234 1152 1060 986 948 920 871 857 921 911 1026 951 1075 1082 1094 1036 1013 953 953 1013 1022 1009 1039 999 1023 1118 1164 1266 1367 1464 1558 1686 1809
-9999 -9999 -9999 -9999 972 922 817 732 656 525 479 445 426 432 449 460 580 646 886 1038 950 843 794 760 722 749 756 793 841 814 812 835 849 871 957 906 854 792 730 801 859 863 888 914 989 1061 1036 1089 1043 1137 1152 1101 1034 1072 1010 983 924 900 755 786 930 1094 1178 1196 1123 1076 1060 1020 1028 1024 1030 1027 1061 1077 1035 1002 1072 1156 1301 1421 1527 1585 1730 1784
-9999 -9999 -9999 -9999 755 726 629 515 461 459 461 470 450 433 451 537 568 640 882 1067 954 824 761 724 697 668 668 719 773 755 772 736 775 820 806 791 747 693 678 751 822 783 752 801 885 952 908 954 901 1010 977 907 864 1028 1016 968 912 854 845 850 922 1253 1317 1349 1158 1082 1065 1018 1030 1040 967 1048 1086 1088 1092 1095 1110 1146 1242 1372 1538 1618 1788 1881
-9999 -9999 -9999 -9999 532 510 498 477 414 487 516 516 511 474 557 543 632 627 886 1026 929 832 793 728 669 631 608 685 729 743 769 697 710 650 707 705 691 673 657 713 753 728 699 726 787 841 874 880 880 823 779 716 666 943 1000 1010 949 942 927 825 843 1136 1265 1300 1224 1155 1092 967 989 936 938 980 1120 1160 1151 1173 1160 1240 1344 1478 1586 1649 1851 1988
-9999 -9999 -9999 -9999 463 447 462 439 434 559 580 618 578 565 632 745 736 833 857 1084 1004 922 847 785 680 633 622 650 701 784 731 707 707 702 706 710 673 656 668 702 654 647 660 729 755 776 835 847 643 602 600 580 729 824 963 987 1006 1001 927 753 732 829 892 1034 1190 1186 1063 1010 960 912 904 958 1132 1235 1230 1225 1213 1297 1396 1529 1699 1829 1932 2149
-9999 -9999 -9999 -9999 400 436 440 469 492 581 695 669 621 674 693 767 843 972 1062 1101 1070 1010 962 912 803 729 673 748 820 858 808 801 819 847 798 758 645 604 617 607 635 658 696 721 761 761 747 642 517 622 671 767 761 1018 1131 1068 1025 1006 954 784 739 748 749 826 989 1198 1122 1123 973 957 935 1013 1209 1315 1378 1347 1382 1414 1515 1658 1816 2006 2115 2584
-9999 -9999 -9999 -9999 419 463 489 536 584 677 762 795 768 786 835 918 980 1116 1189 1182 1104 1018 1081 1018 928 870 859 892 947 920 925 891 940 882 876 785 704 632 676 679 689 714 735 777 784 790 776 729 780 954 964 1054 1051 1187 1188 1123 1076 1087 1076 916 857 809 745 884 1031 1113 1278 1220 1109 1030 1060 1152 1317 1404 1473 1498 1546 1574 1631 1789 1965 2118 2335 2914
-9999 -9999 -9999 -9999 454 505 552 615 703 770 827 888 883 873 876 964 1006 1024 1320 1273 1208 1142 1175 1119 1095 1043 1013 1047 1037 1010 986 974 985 930 843 838 758 741 755 745 757 789 790 800 832 851 832 872 1005 1188 1282 1266 1331 1260 1242 1200 1155 1174 1122 1061 930 849 869 961 1090 1112 1342 1373 1192 1155 1241 1286 1412 1560 1638 1653 1734 1744 1820 1973 2180 2292 2784 3265
-9999 -9999 -9999 -9999 511 552 609 700 788 855 901 987 990 913 956 1006 1043 1069 1367 1367 1330 1268 1298 1245 1227 1170 1155 1139 1080 1045 996 960 947 880 870 868 852 856 822 831 812 846 870 908 919 957 1007 1105 1227 1347 1456 1420 1484 1416 1339 1262 1234 1218 1178 1108 998 926 974 1004 1045 1058 1098 1270 1313 1306 1387 1420 1469 1604 1719 1806 1827 1935 2041 2187 2550 2738 3229 4228
-9999 -9999 -9999 -9999 563 614 671 794 922 974 1110 1097 1161 1092 1042 1052 1125 1263 1263 1406 1426 1352 1439 1364 1359 1317 1299 1210 1111 1042 965 901 859 864 920 944 947 931 922 895 926 917 918 947 982 1083 1227 1290 1386 1514 1587 1727 1556 1528 1470 1355 1340 1295 1258 1188 1113 1069 1092 1111 1078 866 851 899 1091 1280 1328 1392 1513 1565 1652 1721 1852 1958 2113 2343 2866 3631 5039 5013
-9999 -9999 -9999 -9999 655 689 796 913 989 1061 1215 1387 1326 1101 1091 1116 1156 1289 1363 1234 1282 1477 1479 1439 1416 1390 1319 1220 1130 1028 1000 922 852 885 1030 1109 1070 1010 963 936 921 959 972 1005 1078 1142 1332 1459 1471 1556 1798 1689 1706 1671 1565 1515 1435 1368 1312 1241 1217 1142 1201 1200 1106 798 794 946 998 1038 1198 1271 1266 1282 1325 1377 1437 1693 1875 2200 3003 3984 4918 6753
-9999 -9999 -9999 -9999 707 777 887 1013 1112 1241 1446 1474 1415 1210 1108 1144 1263 1333 1180 1069 1156 1440 1455 1497 1467 1450 1341 1218 1172 1078 1042 980 920 1070 1252 1203 1087 992 960 936 954 975 976 1009 1111 1227 1399 1578 1685 1618 1874 1787 1786 1737 1685 1620 1544 1443 1406 1330 1251 1246 1266 1227 1193 1056 979 1003 1069 1095 1154 1148 1071 1114 1145 1198 1248 1396 1550 1804 2761 4045 5085 9851
-9999 -9999 -9999 -9999 710 782 914 1069 1147 1275 1566 1545 1476 1216 1140 1176 1418 1346 1120 1038 1151 1200 1457 1560 1597 1573 1441 1304 1209 1156 1122 1100 1082 1186 1275 1162 1081 1010 984 1004 973 993 997 1048 1134 1254 1413 1614 1830 1898 1799 1785 1911 1863 1817 1749 1630 1546 1512 1451 1372 1325 1353 1340 1325 1308 1261 1256 1190 1234 1177 1174 1215 1219 1179 1240 1285 1320 1463 1723 2390 3398 3970 8391
-9999 -9999 -9999 -9999 795 850 989 1092 1179 1471 1593 1563 1465 1245 1150 1253 1357 1182 1050 1047 1133 1298 1468 1683 1769 1675 1536 1360 1285 1278 1266 1235 1186 1175 1210 1144 1129 1134 1103 1084 1037 1003 1023 1127 1218 1330 1439 1576 1784 1981 1927 1867 1932 1985 1960 1882 1755 1645 1621 1576 1515 1469 1467 1501 1470 1475 1423 1390 1384 1416 1317 1290 1289 1333 1317 1357 1418 1522 1646 1872 2316 2832 2702 7571
-9999 -9999 -9999 -9999 949 960 1054 1160 1251 1531 1726 1652 1544 1323 1236 1260 1325 1195 1126 1096 1154 1357 1471 1789 1757 1770 1687 1501 1440 1415 1392 1303 1243 1211 1159 1176 1185 1177 1151 1097 1069 1061 1089 1170 1307 1398 1516 1623 1709 1902 2065 1994 2143 2040 2072 1969 1835 1775 1740 1669 1630 1600 1598 1585 1636 1596 1567 1488 1494 1542 1487 1494 1456 1406 1359 1428 1540 1643 1775 2026 2810 3562 3036 19223
-9999 -9999 -9999 1016 1019 1044 1109 1246 1356 1598 1844 1772 1651 1474 1281 1314 1373 1271 1229 1217 1293 1454 1511 1746 1813 1850 1776 1638 1571 1536 1464 1366 1228 1147 1167 1214 1239 1202 1190 1151 1094 1095 1114 1239 1331 1447 1544 1618 1676 1833 2016 2104 2324 2260 2208 2063 1943 1874 1840 1794 1689 1632 1609 1526 1928 2179 1637 1566 1579 1627 1583 1614 1544 1482 1474 1517 1616 1732 2150 3144 3950 4390 4225 22129
-9999 -9999 -9999 1074 1066 1093 1172 1273 1411 1659 1950 1879 1767 1662 1409 1439 1492 1366 1368 1390 1439 1534 1635 1656 1910 1885 1843 1738 1688 1628 1514 1363 1245 1178 1191 1235 1265 1251 1228 1187 1167 1166 1170 1273 1377 1457 1536 1618 1680 1774 1981 2114 2342 2426 2379 2159 2014 1924 1848 1903 1679 2423 2761 2649 2773 3016 2212 2370 1647 1706 1729 1693 1680 1642 1582 1641 1678 2543 3683 4448 5260 5641 5448 22109
-9999 -9999 -9999 1071 1118 1138 1116 1252 1425 1712 2019 1975 1863 1758 1584 1515 1536 1518 1506 1487 1490 1609 1711 1831 1903 1966 1893 1825 1805 1711 1525 1402 1305 1261 1297 1295 1324 1290 1262 1235 1251 1248 1232 1308 1394 1423 1508 1566 1668 1799 1932 2182 2354 2617 2465 2209 2386 2298 3168 3374 2921 2431 2153 2175 2303 2690 2980 2269 2692 2625 1821 1840 1795 1744 1663 1628 2543 3898 4144 4744 5124 5850 7997 12736
-9999 -9999 -9999 1011 1131 1161 1140 1300 1502 1685 2158 2108 1982 1848 1572 1624 1659 1677 1679 1716 1611 1727 1758 1906 1983 1974 1886 1857 1830 1720 1564 1510 1421 1374 1369 1355 1372 1364 1301 1267 1277 1324 1309 1388 1426 1480 1480 1552 1678 1824 1981 2137 2339 2533 2557 2925 3877 3734 3316 2865 2434 2137 2047 2079 2179 2420 2865 3188 3329 2839 3157 2928 1843 1664 1752 2383 3658 4235 4744 4973 5423 5996 7541 10280
-9999 -9999 -9999 975 1090 1124 1162 1408 1647 1820 2269 2230 2069 1952 1661 1697 1723 1783 1973 1747 1770 1806 1964 2025 2008 1933 1921 1876 1877 1766 1661 1598 1544 1529 1478 1434 1420 1357 1337 1314 1373 1394 1438 1495 1516 1514 1552 1572 1686 1871 2052 2124 2309 2652 3406 3882 3541 3128 2790 2471 2274 2050 1943 1985 2115 2323 2738 3236 3536 3791 4138 4085 3733 3965 2795 2956 4087 4549 4728 4979 5333 5905 7443 8143
-9999 -9999 -9999 873 1036 1095 1184 1351 1745 1926 2381 2306 2157 1980 1739 1712 1792 1873 2055 1885 1857 1995 2076 2044 1921 1949 1900 1896 1876 1852 1787 1679 1672 1663 1582 1509 1455 1389 1376 1388 1424 1487 1549 1606 1596 1579 1625 1657 1754 1880 2023 2154 2139 3174 3914 3439 3183 2891 2618 2370 2141 1921 1764 1840 2018 2235 2611 3069 3456 3742 3925 4342 5254 4867 4202 3910 4138 4416 4596 4803 5119 5730 7050 7806
-9999 -9999 -9999 680 921 1085 1186 1387 1835 2083 2442 2390 2197 2067 1718 1786 1898 2053 2033 2112 1998 2109 2141 2004 1852 1778 1756 1789 1949 1940 1887 1816 1801 1743 1686 1596 1517 1417 1431 1450 1502 1583 1636 1692 1685 1654 1702 1750 1812 1920 2059 2104 2327 3878 3575 3242 3038 2718 2505 2252 2042 1823 1676 1685 1964 2228 2509 2841 3232 3492 3761 4654 5071 5011 4524 4097 3994 4102 4221 4486 4848 5471 6519 7115
-9999 -9999 -9999 394 641 920 1128 1267 1810 2298 2487 2441 2273 2118 1829 1777 1933 2101 2204 2194 2063 2547 3191 3342 2780 2459 1972 1683 1957 1912 1933 1897 1876 1820 1782 1668 1547 1478 1485 1518 1574 1639 1721 1758 1786 1809 1822 1823 1895 1996 2058 1919 3050 3318 3346 3107 2804 2570 2359 2172 1949 1674 1543 1583 1832 2167 2470 2718 2953 3243 3638 4534 5045 4787 4179 3742 3550 3604 3741 3999 4330 4811 5741 6367
-9999 -9999 -9999 320 434 512 588 887 1436 2024 2457 2400 2363 2188 1851 1837 2024 2111 2336 2523 2791 4129 3691 2984 2280 1668 1266 1520 1883 1999 2002 2026 1974 1930 1850 1655 1532 1507 1552 1559 1630 1735 1793 1846 1904 1956 1990 1980 1980 2026 2014 1928 2944 3321 3280 2953 2651 2417 2210 2037 1781 1531 1433 1471 1727 2008 2355 2631 2839 3032 3565 4207 4578 4329 3726 3349 3149 3169 3271 3477 3793 4143 4785 5415
-9999 -9999 -9999 205 300 314 367 438 596 1453 2188 2297 2317 2279 1964 1963 2063 2374 3337 3784 4377 3804 3055 2135 1376 861 1153 1239 1723 2022 2048 2075 2051 1947 1917 1798 1430 1473 1540 1705 1822 1916 1992 1973 2057 2102 2139 2151 2121 2170 2210 2762 3987 3515 3208 2874 2492 2251 2051 1839 1660 1429 1323 1318 1535 1895 2220 2453 2669 2894 3498 3831 3920 3706 3325 2987 2758 2685 2761 2967 3228 3524 3861 4404
-9999 -9999 -9999 203 218 228 212 266 60 430 1781 1989 2294 2399 2136 2321 2274 3503 5257 4637 3830 3015 2300 1526 1082 631 440 785 1066 1903 2057 2027 2381 2321 2112 1693 1487 1283 1402 1529 1664 1950 2200 2377 2587 2566 2592 2448 2433 2389 2617 4339 3848 3625 3206 2732 2353 2152 1923 1719 1569 1333 1186 1218 1389 1722 2076 2299 2525 2999 3438 3545 3536 3312 2964 2680 2433 2355 2425 2554 2732 2995 3319 3637
-9999 -9999 -9999 196 197 202 165 47 48 49 543 1790 2093 2323 2434 3703 5547 5465 4661 3971 3103 2361 1653 1317 1046 767 359 570 1427 1228 2058 2376 2564 2239 2822 3197 2987 2770 3203 3386 3686 3561 3779 2930 3118 2873 3069 3190 3239 3478 6294 4759 4242 3519 3067 2597 2266 2026 1800 1596 1452 1260 1077 1118 1292 1592 1898 2161 2381 2958 3164 3279 3182 2946 2696 2353 2191 2085 2106 2228 2430 2632 2905 3133
-9999 -9999 -9999 257 191 184 140 45 41 51 436 842 1628 3136 5820 5883 5191 4835 4187 3277 2516 1773 1484 1122 924 963 1303 1363 1254 1699 3931 4509 4669 4420 4049 3340 3394 3085 2862 3098 3395 3897 4015 4447 4687 5033 5247 5322 5334 5960 6006 4651 4116 3421 2823 2366 2139 1945 1709 1506 1330 1145 978 1031 1178 1441 1749 1990 2336 2736 2849 2925 2838 2662 2400 2134 1888 1763 1850 1980 2196 2373 2606 2887
-9999 -9999 -9999 355 324 174 141 123 69 106 374 947 3596 4869 5453 5388 5067 4436 3777 2845 2182 1608 1303 901 679 792 891 636 1378 2605 3344 4466 4406 4076 3824 3569 3015 2702 2632 2817 3093 3405 3692 3979 4198 4411 4531 4599 4620 5433 5802 4440 3664 2906 2491 2180 1987 1747 1555 1414 1241 1083 846 959 1116 1284 1558 1826 2167 2499 2614 2622 2575 2368 2158 1870 1617 1550 1661 1802 1953 2167 2381 2616
-9999 -9999 -9999 536 455 419 308 184 158 236 321 817 3705 4370 4728 4829 4515 4154 3479 2710 2134 1482 1050 749 372 864 1021 504 533 2559 4316 4372 4171 3942 3663 3278 2773 2595 2600 2599 2796 3027 3278 3500 3711 3896 4014 4097 4160 5245 5643 4167 2952 2307 1939 1854 1859 1660 1483 1289 1183 1080 1056 1045 1075 1203 1414 1620 2030 2320 2390 2404 2356 2224 1953 1651 1489 1397 1529 1657 1774 1956 2133 2396
-9999 -9999 -9999 651 613 623 572 608 556 487 351 3526 4184 4353 4203 3998 3898 3764 3313 2727 2008 1321 934 810 274 932 1093 1330 1423 3076 3902 3914 3836 3567 3374 2931 2622 2448 2461 2456 2637 2874 3081 3319 3526 3711 3827 3969 3998 4462 5309 4101 2334 1859 1715 1630 1468 1509 1359 1211 1080 1098 1198 1162 1013 1093 1329 1502 1882 2104 2211 2212 2162 2014 1735 1486 1319 1356 1407 1534 1651 1797 1951 2217
