Visibility/Code off linux servers/mergeViewshed/results.asc
ncols         391
nrows         472
xllcorner     271845
yllcorner     3875415
cellsize      30
NODATA_value  -9999
[rows 185 to 221 of 472, columns 84 to 167 of 391]
2505 2521 2558 2672 2804 2878 2872 2983 2854 2518 2457 2741 2804 2548 2232 2141 2031 1963 1963 2040 2059 2474 3133 3639 3863 3994 4239 4294 4424 4024 3707 3509 3830 4021 4210 4438 4614 4808 4614 4741 4937 5328 5659 5773 6366 6448 6841 6976 7278 7934 9533 10535 9040 7950 6423 5089 3987 3251 2698 2714 2773 3518 3636 2893 2776 2559 2491 2338 2140 2035 1822 1624 1447 1411 1788 2217 2401 2336 2332 2275 2171 2254 2526 2884
1971 2074 2065 2210 2328 2456 2616 2636 2659 2591 2216 2153 2196 2152 2041 1916 1963 1920 1976 2068 2463 3032 3547 3791 4111 4215 4542 4713 4645 4299 3873 3568 3819 4190 4266 4528 4708 4889 4852 4881 4956 5105 4891 5084 4540 4730 4610 4701 4906 5434 6975 7904 8574 6244 5118 3839 2823 2420 2014 1880 2017 2528 3050 2564 2003 1844 1513 1546 1418 1540 1511 1501 1453 1806 2256 2517 2625 2590 2542 2384 2315 2384 2732 2973
1519 1488 1580 1718 1795 1940 2141 2264 2354 2243 2088 1843 2059 2058 1981 1962 1963 1971 2035 2300 2902 3483 3878 4081 4261 4530 4810 5134 5165 4702 4046 3618 3809 4184 4276 4442 4777 5013 4975 4628 4366 3414 3573 3783 3991 4155 4275 4444 4521 4685 5154 5884 6666 4786 3968 2715 2122 1897 1416 1242 1254 1611 2132 1878 1547 1552 1436 1304 1304 1553 1498 1551 1675 2125 2571 2831 2875 2795 2658 2559 2546 2565 2827 3054
1460 1398 1389 1353 1518 1688 1738 1891 1889 1902 1924 1875 1960 2084 1915 1957 1884 1987 2273 2928 3500 3808 4033 4245 4420 4651 5059 5294 5374 5014 3959 3719 3832 3953 3964 4303 4542 4850 4729 4494 4202 3395 3353 3532 3702 3771 3910 3956 3815 3828 4055 4230 5298 3613 2831 2042 1632 1389 995 803 810 1123 1427 1649 1591 1531 1459 1506 1614 1747 1825 1833 1976 2501 2796 3053 3155 3051 2865 2848 2852 2827 2932 2962
1495 1461 1424 1371 1481 1502 1558 1604 1602 1573 1778 2155 2166 2022 1986 1954 2029 2258 2931 3495 3855 4085 4348 4494 4658 4903 5077 5383 5452 4883 3989 3547 3494 3610 3907 3755 4305 4863 4765 4498 3978 3274 3205 3279 3423 3531 3614 3682 3540 3658 3577 3662 4412 2527 2089 1456 1306 1164 729 518 457 715 1287 1655 1829 1846 1822 1895 1999 2126 2199 2413 2729 3075 3252 3408 3482 3414 3085 3155 3198 3103 3021 3111
1562 1452 1479 1477 1488 1471 1489 1345 1458 1701 2024 2136 2257 2207 2077 2145 2320 2886 3526 3891 4240 4376 4544 4639 4877 5081 5170 5403 5390 4827 3970 3594 3572 3857 4031 3950 4507 4957 5276 4904 4150 3585 3280 3284 3338 3508 3649 3734 3650 3522 3636 3843 3120 2326 1957 1414 1014 994 752 615 691 1072 1861 2057 2147 2222 2146 2207 2206 2395 2673 3032 3530 3727 3759 3776 3915 3769 3478 3347 3067 2940 2971 3124
1714 1717 1762 1800 1543 1636 1647 1606 1715 1872 2001 2167 2287 2185 2299 2504 2983 3515 3838 4210 4422 4645 4842 4962 5090 5288 5324 5411 5298 4574 3969 3914 3749 3962 4272 4463 4672 5173 5375 5017 4498 4042 3558 3585 3671 3754 3862 3914 3801 3766 3589 3813 2262 1883 1633 1509 1346 1278 1273 1281 1317 1682 2029 2449 2490 2438 2301 2258 2281 2281 2657 3309 3809 4160 3969 4047 4309 4269 3717 3354 3174 2871 2542 2691
2044 2090 2045 2114 1914 1948 1776 1755 1702 1916 2067 2331 2359 2703 2940 3381 3744 4053 4301 4572 4826 4930 5083 5265 5321 5393 5486 5538 5297 4638 4095 4058 3945 4249 4409 4649 4911 5207 5414 5289 4937 4471 4177 3923 4020 4132 4203 4115 4080 3829 3470 3862 2411 1852 1676 1558 1525 1606 1603 1554 1779 2252 2556 2880 2816 2740 2699 2703 2533 2538 2918 3686 4083 4343 4138 4204 4600 4793 3903 3542 3321 3042 2700 2813
2365 2301 2237 2310 2249 2067 1960 1873 1736 2061 2246 2558 2884 3408 3794 4056 4351 4520 4719 4878 5097 5208 5331 5442 5521 5605 5748 5458 5104 4716 4184 4384 4374 4579 4781 4946 5133 5418 5557 5568 5305 4973 4665 4405 4371 4399 4407 4276 4134 3850 4120 2778 2192 1861 1818 1770 1570 1921 1867 2070 2482 2903 3294 3323 3016 3182 3287 3333 3161 3123 3177 3847 4327 4373 4183 4285 4687 5141 4020 3628 3427 3306 3261 3337
2554 2498 2468 2469 2452 2294 2030 1942 1829 2164 2567 3011 3713 4279 4459 4678 4935 5039 5064 5200 5282 5358 5508 5647 5655 5819 5742 5566 5005 4525 4525 4536 4685 4911 5144 5281 5493 5623 5787 5863 5577 5264 4958 4738 4654 4662 4627 4429 4102 4119 3928 2299 2024 1996 1785 1990 2477 2783 2805 3072 3433 3602 4017 3164 3775 3956 4095 4233 3804 3863 3921 4340 4615 4658 3869 4343 4740 5281 4091 3762 3673 3723 3970 3950
2589 2679 2577 2626 2627 2426 2292 2033 2201 2344 2663 3192 4275 4919 5183 5136 5443 5429 5475 5386 5478 5509 5619 5806 5860 5967 5783 5248 4793 4584 4542 4761 5028 5273 5443 5572 5745 5867 5995 6087 5815 5237 5098 4893 4847 4682 4560 4353 3933 4649 3391 2136 1728 1567 2332 3051 3632 3819 3841 3933 4146 4328 4403 3869 4500 4755 5144 4554 3820 3729 4282 4672 4972 4775 4682 4631 5064 5376 4617 4061 4165 4509 4603 4229
2840 2693 2664 2800 2737 2651 2325 2156 2245 2435 2698 3294 4353 5384 5815 5717 5844 5907 5777 5776 5599 5783 5832 5984 6010 5924 5502 5091 4758 4579 4567 4865 5150 5433 5671 5876 6046 6192 6341 6217 5980 5325 4920 5087 4933 4735 4519 4099 3817 4045 3623 1540 1286 1745 2431 3465 4221 4455 4486 4660 4633 4355 4767 4613 5276 5672 5577 4543 4436 4075 4423 4818 5191 5033 5015 5011 5356 5807 5024 4865 4735 5674 6410 8589
2982 2942 2981 3077 2976 2648 2520 2298 2297 2469 2993 2331 3523 5320 6371 6603 6399 6371 6315 6082 6011 6094 6222 6312 6085 5611 5308 5097 4779 4619 4730 4979 5219 5556 5881 6193 6356 6469 6477 6435 6000 5291 4898 5186 5077 4844 4655 4177 3784 4561 3656 1850 1231 2048 2881 3342 4292 4999 5500 4931 5061 4626 5013 5655 6329 6562 6244 5019 4878 4682 4550 4901 5432 4873 4604 6214 7002 9201 8825 6568 7141 11077 12911 12142
3376 3244 3294 3191 2965 2719 2652 2587 2415 2517 2004 2296 2804 3579 6051 6908 7154 6985 6721 6534 6527 6507 6535 6381 5943 5757 5416 5028 4713 4598 4774 5066 5366 5673 6067 6372 6649 6757 6761 6405 5854 5045 5198 5314 5216 5064 4795 4364 4847 4601 3509 1708 1578 2543 3400 3575 4442 5223 10008 11547 9515 8448 7454 8234 9325 9921 9100 8013 6928 6560 7028 10324 14377 14906 14511 14547 13102 14626 15061 15937 18772 18633 15333 12829
3600 3390 3272 3140 2928 2771 2669 2615 2640 2736 1931 2383 2958 3458 4107 6220 7224 7354 7087 6748 6826 6873 6593 6361 5961 5631 5179 4828 4661 4540 4708 5063 5419 5803 6177 6610 6983 6949 6993 6364 4936 4846 5177 5394 5411 5368 5176 5197 5372 4915 3311 1978 2242 3086 3524 3537 9135 12597 12553 11496 10939 11166 12106 12944 14355 15694 19150 18254 19310 18232 18011 15482 14293 13922 13542 12966 12863 13327 13597 14366 16270 16739 15614 13699
3410 3185 3059 3026 2799 2658 2620 2604 2671 2266 1976 2440 2317 3052 3949 4450 6525 7316 7149 7083 6951 6789 6638 6174 5847 5455 5080 4839 4662 4633 4705 5064 5487 5802 6346 6893 7235 7337 7057 6129 4955 4695 5145 5445 5706 5713 5667 5735 5728 4213 3591 2752 3212 3362 5462 11819 12806 11927 11861 10879 11003 11746 12709 13449 14136 14211 14474 15039 16227 16546 16078 15267 14132 13739 12847 12558 12474 12599 12990 13926 14884 16198 14938 13186
3026 2980 2827 2776 2603 2585 2534 2424 2127 1782 2065 2555 2509 2658 3585 4072 5064 7119 7401 7056 7282 6770 6524 6129 5668 5251 4963 4750 4682 4672 4827 5185 5553 5737 6272 6929 7454 7852 7392 6085 5185 4907 5172 5663 5838 6231 6309 6299 5399 4242 3169 3614 4389 10223 13641 12189 11312 11041 10652 10292 10471 11043 11734 12433 12743 13069 13283 13838 14423 14791 16509 15169 13997 13067 11979 11521 11447 11246 11592 12957 14224 15550 14687 12901
3019 2944 2739 2664 2524 2488 2418 1985 1503 1855 2250 2861 3199 3113 3331 3907 4619 7103 7834 7690 7600 7177 6648 6154 5567 5222 4947 4835 4862 4938 5111 5414 5680 6084 6399 7083 7893 8279 8046 6655 5831 5528 5817 6002 6377 6905 7006 6379 4811 4979 7640 9721 12287 12704 12204 11561 11276 10604 9861 9694 9736 10140 10490 10875 11181 11425 11670 12403 13391 14236 15842 14631 13858 12575 11007 10418 10141 10196 10507 12085 13365 14992 14860 13271
3095 2962 2695 2550 2503 2413 2223 1900 1557 2014 2540 3103 3492 3383 3566 3690 4581 6101 8062 8435 8155 7412 6832 5951 5489 5044 4802 4919 5042 5133 5332 5587 5771 6022 6412 6950 8307 8885 8678 7744 7036 6909 7010 7226 7738 7653 7972 7510 7859 9550 9468 10454 11796 11523 11348 11114 10761 10189 9384 9030 9044 9270 9543 9846 9890 9841 10208 11169 12356 13175 14921 14417 13372 12257 10221 9373 9397 9536 9809 11662 12852 14234 14487 13099
2760 2601 2481 2457 2409 2252 1842 1405 1698 2148 2779 3276 3587 3566 3566 3898 4540 5236 7867 8681 8566 7346 6631 5886 5375 4788 4787 4858 5010 5193 5322 5561 5551 5741 6176 6857 7488 9192 9309 8945 8140 8199 8644 8800 8721 9291 9452 9356 9880 8926 10232 10679 10779 10656 10685 10476 10217 9902 9046 8268 8452 8509 8590 8713 8795 8899 9225 9914 11220 12079 13145 13599 12980 12148 10025 8411 8683 9192 9715 11122 12266 13506 13835 12416
1941 2041 2315 2287 2308 2257 1767 1322 1744 2453 3004 3408 3769 3787 3927 4133 4413 5109 6828 8642 8677 7098 6177 5449 4601 4777 4779 4686 4732 4816 4562 4761 4897 4882 5183 5395 6751 7937 9440 9455 9270 9264 9561 9713 11026 10675 11286 11749 10418 10470 10364 10281 10113 9835 9709 9861 9914 9804 9120 8108 7724 7780 7675 7743 7806 7736 8132 8871 10351 11039 11549 12293 12679 11855 10413 8562 8349 8602 9289 9946 11680 13183 13613 11815
1978 2180 2321 2325 2345 2200 1282 1540 2102 2732 3130 3500 3839 4054 4344 4534 4647 5120 6774 8691 8026 6744 5837 5425 4532 4202 3990 4423 3538 3609 3897 3851 4362 4271 4155 4890 5820 7351 8773 9894 10099 10343 10611 12468 12250 14029 14055 12641 12354 11210 10327 9873 9553 9210 9071 9305 9594 9684 9174 8233 7435 7228 7183 7053 6932 7015 7528 8401 9559 10353 10581 11230 12101 11703 10681 8595 7525 8055 8744 9522 10727 12961 13524 11758
2529 2504 2426 2458 2448 2232 1243 1636 2210 2573 2827 3073 3777 4212 4472 4690 4855 5454 7577 8769 7695 6230 5797 4816 4858 4526 4330 3854 3845 3704 3466 3755 4199 4411 4598 4853 5925 7297 8665 10011 10840 11295 14137 13768 16485 16591 15703 14178 12391 11342 10200 9576 9153 8805 8633 8849 9285 9426 8895 8249 7473 7014 6897 6473 6321 6466 6972 8028 9038 9478 9986 10123 10612 11312 11430 10729 7762 6835 7772 8998 10938 13326 13333 11764
2837 2752 2546 2545 2577 2432 1319 1483 1651 2155 2606 3116 3852 4314 4647 4819 5144 6222 8528 8949 7726 6447 5776 5509 5091 4729 4521 4505 4278 4179 4129 4162 4549 5205 5630 6225 7130 8080 8837 9743 11424 14071 15450 18106 17077 13572 13938 13220 11870 10574 9680 9103 8827 8433 8276 8481 8696 8883 8557 7978 7277 6928 6598 6387 6164 6150 6617 7903 8678 9038 9350 9558 9793 10010 10743 11607 9921 6288 6712 9118 10705 13154 13190 10911
3027 3031 2845 2604 2597 2628 1369 1310 1653 2353 3229 3664 4077 4435 4670 4976 5245 6413 9017 9016 8000 6691 6015 5553 5265 5000 4862 4686 4590 4633 4653 4611 5052 5561 6274 7082 7950 8703 9316 10031 12089 17015 19844 19185 15971 13958 13316 12038 10827 9922 9306 8639 8344 8101 7874 7965 8083 8063 8030 7431 6945 6794 6416 6231 5871 6075 6655 7828 8320 8670 8931 9093 9176 9124 9634 11719 11867 10581 8758 9089 10647 13013 12619 10136
3429 3416 3309 2986 2827 2605 1477 1652 1849 2832 3465 3889 4289 4513 4701 4792 5160 6781 9377 9386 8025 6970 6493 5990 5566 5309 5102 4953 4931 4946 4989 5285 5529 6055 6645 7399 8154 8945 9320 9718 15591 23184 20920 18723 17628 16167 12913 10738 9784 8970 8639 8155 7845 7648 7894 7950 7759 7643 7197 6688 6452 6201 5930 5752 5746 5887 6510 7280 7909 8253 8452 8624 8596 8597 9172 10457 12296 11826 9489 8825 10757 12754 12319 10176
3622 3770 3692 3117 2992 2782 2198 1910 2131 2767 3600 4072 4221 4206 4234 4075 4741 5944 9421 9799 8300 7353 6804 6268 5873 5573 5389 5248 5161 5195 5282 5548 5841 6309 6906 7563 7999 8582 9379 17920 17730 17334 18881 19328 18297 16836 15210 12060 10368 9089 8191 7736 7700 7681 7816 7719 7774 7335 6755 6295 5918 5709 5508 5307 5113 5568 6100 6726 7295 7597 7877 7989 8039 8228 8817 9792 11213 11934 10405 9189 10645 12633 12211 9685
3835 4048 3905 3456 3387 3132 2662 2032 1714 2075 2607 3100 3335 3526 3194 3399 4052 5491 9352 10084 9166 7890 7175 6678 6290 5896 5704 5525 5394 5365 5589 5801 5916 6429 7041 7613 8026 9006 14753 17476 16497 17009 16865 17628 17865 17847 16455 14895 13321 10292 8556 7743 7154 6965 7466 7636 7363 7167 6698 6216 5847 5431 4935 4572 4618 4984 5489 5892 6185 6461 6950 7254 7493 7899 8280 8984 9859 11280 10791 10236 11115 12502 12699 10514
3949 4251 4194 3854 3586 3425 3005 2204 1726 2059 2401 2778 2916 2942 2844 3131 3667 5334 9640 10402 9789 8482 7632 7156 6751 6416 6090 5930 5769 5719 5878 6133 6175 6575 6878 7399 8284 15617 17569 16005 16490 16343 16269 16073 16056 16483 16772 15823 14429 12882 10649 8072 7164 6994 6776 7007 7127 6808 6577 6271 5957 5131 4354 3875 3984 4050 4468 4796 5085 5339 5576 6115 6487 7432 8004 8816 9773 10377 11387 10870 11674 12880 12967 12129
4081 4483 4577 4350 4046 3772 3395 2837 2416 2038 2285 2580 2591 2693 2776 3078 3667 5437 9534 10570 10663 9212 8295 7661 7296 6944 6679 6505 6326 6150 6241 6386 6706 6931 7260 8039 9402 15186 15866 16332 15775 15651 15397 14914 14832 15234 15544 15554 15034 13606 11229 8591 7793 7259 7027 7017 6796 6791 6383 5908 5475 4619 3528 3109 2861 2967 3060 3527 3691 3866 4237 4631 5149 6513 7506 8370 9600 10293 10678 11139 11945 12233 12801 12233
4111 4765 4938 4762 4419 4113 3726 3325 2755 2481 2359 2466 2562 2666 3007 3424 3894 5344 7761 10827 13606 11891 10238 8557 7869 7535 7330 7105 6956 6685 6711 6887 7279 7686 8058 8878 12939 15145 16016 16044 15306 14630 14400 13987 14020 14347 14678 14465 14364 14026 13546 11432 8627 8222 7713 7468 6801 6608 5986 5251 4339 3192 2506 2299 2116 2271 2397 2745 2803 3002 3239 3474 3945 5232 6670 8139 9543 10026 11063 10749 11529 11773 12150 12077
3895 4908 5194 5176 4779 4344 4054 3721 2942 2963 2602 2429 2471 2793 3027 3308 3706 4295 5645 9123 10901 14299 12787 12004 10474 8355 7962 7742 7528 7348 7216 7484 7837 8396 9362 13170 18163 16104 15117 15948 15074 14376 13686 13434 13307 13505 13852 13844 13692 13435 13711 13596 12333 10357 8097 7515 6763 6126 5533 4513 3217 2616 2372 1992 1733 1645 1508 1517 1673 2718 2863 3021 3241 4207 5751 7978 9013 10154 10894 11055 10555 10442 11238 11587
3941 5074 5362 5473 5054 4577 4348 4232 3238 3065 2521 2511 2464 2551 2710 2769 2914 3062 3121 3165 7659 10956 11910 14523 13574 12736 11661 10162 8924 8320 8177 8434 8819 9281 11525 20325 23332 19662 17906 16627 15332 14430 13628 13012 12651 12901 12785 12599 12299 12598 13211 13579 13293 12010 10316 7887 6973 6334 5617 4632 3010 2449 2091 1799 1224 835 1024 1345 1680 2986 3061 2744 3066 3611 5229 7151 8781 9928 10157 10131 9719 9497 10147 10804
3144 5088 5526 5647 5235 4786 4607 4178 3193 2562 2280 2127 2212 2372 2495 2585 2736 2845 2818 2832 3109 7734 11609 12204 15852 15745 15686 15523 15473 14854 14245 11686 12054 13453 17222 22141 20420 19869 18572 17141 15746 14503 13480 12762 12174 12202 12181 12041 11625 11609 12406 12960 13307 13053 12121 10100 8421 7204 6100 4970 3189 2341 1865 1216 766 830 1186 1617 2282 2987 3279 3697 3545 3453 4605 6240 8159 9001 9081 8916 8153 8095 8716 10013
3150 4914 5601 5844 5327 4701 4283 3744 2464 1953 1919 2041 2071 2193 2303 2402 2493 2514 2559 2770 3023 3256 7610 12739 13688 14407 18561 18830 19377 19533 20583 22598 22650 24443 19106 19266 19170 19233 18407 17171 15821 14402 13346 12319 11557 11408 11287 11217 10917 10847 11496 11459 12225 12886 12674 11521 8837 8326 6915 5526 3549 2366 1464 904 825 985 1268 1995 2531 3070 3248 3891 4340 4431 4555 6128 7048 7457 7609 7410 7006 6643 7541 8713
4902 5399 5770 5748 5052 4200 3352 2036 1224 1527 1618 1736 1850 2015 2106 2191 2324 2395 2533 2789 3027 3452 6557 9074 14290 15692 21519 25070 25801 26070 26198 26136 24104 20754 19532 18429 17872 17644 17795 16762 15819 14267 13063 11958 10947 10462 10195 9747 9647 9308 8686 8702 9948 12033 12621 11723 11095 8780 8051 6413 4414 2630 1326 1053 938 1179 1871 2763 3050 3389 3578 3779 4184 4462 4980 5545 5891 5993 6062 5933 5418 5385 6131 7320
5634 5865 6033 5591 4703 3928 3139 1782 709 1265 1399 1532 1654 1812 1968 2118 2283 2457 2647 2872 3183 3447 5747 8057 12413 25503 27271 26571 24759 24011 23469 22460 21570 18677 18171 17779 17185 16734 16190 15837 15540 14713 13347 11804 10779 9861 8938 8543 7875 7513 7609 8364 9382 11465 12572 12610 12091 11365 10000 8947 6657 2685 1459 1067 1146 1683 2235 3227 3698 4577 4516 4773 4886 4726 4672 4820 4477 4510 4461 4255 3849 3990 4672 5825
