Visibility/Code off linux servers/count_arctan/results.asc
ncols         391
nrows         472
xllcorner     271845
yllcorner     3875415
cellsize      30
NODATA_value  -9999
[rows 296 to 332 of 472, columns 168 to 251 of 391]
3485 3429 3303 3291 3226 3203 3143 3090 3181 3140 3105 3322 3638 3911 3832 3846 3836 4087 4418 4821 4922 4974 5829 6767 7452 7846 7738 7649 7492 7425 7891 8514 9254 11907 12854 12796 12248 11864 11280 10673 10447 10447 10109 8875 7213 6325 6495 7031 7389 7704 7963 8171 8780 9042 6606 5099 4309 3904 3540 3318 3125 2995 2871 2691 2553 2668 2796 2835 2921 2831 2905 3061 3470 3481 3313 3086 2899 2925 2929 2905 2907 2971 3071 3266
3155 3073 3020 2907 2859 2740 2615 2502 2486 2511 2609 2751 3758 4072 4107 4183 4166 4469 4730 4776 5189 5266 5611 6500 7726 8382 8422 8512 8590 8163 8162 8488 9052 11387 13279 13773 13788 12905 11941 11171 10863 10585 10093 9083 7560 7082 7340 7509 7873 8204 8539 8860 9818 8475 5633 4563 4143 3599 3206 3080 2754 2639 2441 2301 2232 2336 2398 2481 2453 2388 2490 2731 3192 3290 3193 2948 2730 2625 2660 2715 2735 2868 2947 3113
2848 2685 2668 2706 2713 2557 2232 2157 2257 2318 2365 2411 3017 4061 4363 4623 4872 4869 4917 4616 5073 5422 6345 6925 7835 8847 9274 9391 9441 8631 8871 8656 9018 9593 12949 14405 14630 13879 12583 11847 11301 10622 10068 8818 7971 7425 7806 8079 8323 8604 8827 10259 10317 5822 5061 4280 3991 3533 3203 2820 2495 2264 2038 1867 1885 1997 2032 2055 2018 1926 2042 2275 2651 2953 2896 2665 2546 2432 2478 2536 2622 2677 2796 2903
2594 2608 2691 2879 2833 2422 2154 2022 2096 2149 2180 2209 2383 3163 4383 4910 5249 5311 5147 4763 5237 5752 6846 7338 7837 8741 9639 10173 10667 10538 9903 9482 9163 9733 10460 14268 15192 14974 13522 12672 11854 10918 9682 8813 7780 7725 8249 8601 9039 9857 10762 11941 8508 4781 4569 4209 3733 3365 2999 2623 2299 1950 1693 1587 1594 1625 1626 1619 1630 1575 1625 1802 2088 2373 2432 2479 2352 2236 2188 2323 2433 2521 2652 2805
2721 2760 2921 3102 3162 2731 2380 2038 1940 1991 2045 2106 2270 2586 3922 5005 5403 5570 5401 5227 5515 6151 7234 7682 8195 8675 9691 10601 11458 11770 11638 10594 9657 9865 10205 12135 15213 15593 14630 13671 12916 11548 9836 8788 7895 7865 8617 9270 10582 11570 12115 10853 5605 4812 4179 3865 3462 3035 2693 2342 2077 1762 1483 1329 1233 1254 1257 1234 1236 1236 1331 1453 1640 1839 2027 2092 2027 1993 2002 2069 2261 2362 2438 2535
2940 3069 3555 3686 3687 3497 3235 3004 2754 2268 2163 2523 2968 3854 4557 5394 5697 5813 5791 5775 6333 7101 8058 8530 8534 8104 9753 10258 11323 12269 12506 11829 10418 10165 10565 12029 15304 15972 15605 14847 13370 11599 9865 8820 8201 8131 8862 10563 12333 14081 12776 6615 5489 4481 3804 3530 3111 2813 2439 2099 1887 1612 1363 1147 1059 1201 1241 1196 1113 1113 1140 1184 1335 1560 1803 1800 1819 1814 1886 2040 2160 2285 2319 2399
3646 3814 4167 4323 4467 4394 4128 3972 3840 3787 3938 4291 4903 5554 5946 6230 6384 6601 6629 6973 7363 7546 8048 8941 8712 7995 8310 9037 11008 12233 12757 12592 10782 10341 10527 14464 15453 16583 16379 15441 12976 10693 9994 8468 8670 9259 10591 12342 13350 9832 7583 6393 5195 4200 3609 3279 2876 2534 2226 1981 1746 1496 1207 1021 1029 1234 1314 1329 1287 1235 1153 1246 1372 1619 1714 1724 1693 1712 1809 2041 2184 2375 2451 2497
4336 4616 5018 5102 5268 5441 5315 4901 4770 4706 5007 5541 6234 6780 7248 7588 7576 7528 7621 7708 8161 8370 8959 9274 9222 8461 8485 8745 9155 11406 12916 12950 12348 11237 10768 14663 16061 15908 16369 14145 12032 11134 9590 9055 7346 4269 6074 6757 5719 5274 4911 5204 4529 3897 3377 3104 2754 2430 2142 1841 1649 1327 1101 1080 1207 1568 1593 1615 1530 1437 1332 1435 1628 1757 1800 1802 1764 1753 1783 2012 2191 2382 2487 2542
4591 4942 5389 5782 5844 5902 5892 5764 5639 5649 6022 6144 6636 7370 7938 8257 8444 8363 8082 8138 8308 8358 9334 9832 9259 9006 8954 8959 9212 9625 11647 13431 13492 13450 12169 14983 16982 17009 13394 9917 8602 7389 6589 3825 3670 3747 4190 4505 4557 4172 3441 3416 3588 3551 3217 3027 2692 2382 2077 1737 1316 1085 1100 1326 1551 1806 1919 1846 1831 1639 1591 1608 1846 2002 2086 1936 1929 1882 1783 1951 2160 2268 2408 2375
4226 5196 5837 6009 6368 6579 6467 6485 6448 6585 6581 6236 6409 7022 8046 8729 8968 8882 8245 7583 8183 7730 8098 9634 10330 9796 9575 9390 9440 9693 10120 10523 12253 12254 12404 15515 17474 11921 6629 4702 4172 3827 3676 3390 3221 3301 3687 3887 3962 3798 3795 3230 3001 3177 3032 2884 2524 2209 1844 1596 1209 1281 1398 1560 1986 2214 2194 2136 2069 1972 1837 1845 2069 2278 2261 2212 2194 2115 2020 2038 2179 2284 2357 2384
3820 5103 5815 6038 6730 7197 7241 7120 7187 7284 7332 6952 6185 6820 7417 8788 9142 9087 8389 6998 6831 7198 7722 8132 8925 9093 9320 9309 9419 9882 10071 10385 10827 11309 13176 16745 11042 6106 4725 4116 3632 3357 3088 2913 2775 2832 3142 3275 3420 4335 4030 3429 3116 2898 2769 2468 2237 1958 1595 1497 1594 1749 1809 1954 2251 2523 2525 2441 2352 2172 2037 2052 2263 2519 2486 2474 2441 2361 2323 2317 2472 2610 2655 2595
3817 4904 6040 6585 7262 7696 7911 7904 8087 8142 7980 7563 6868 7074 7679 9071 9411 9328 8844 7402 6956 7228 7600 7951 8455 8822 9052 9229 9411 9398 9652 9722 10573 11981 11806 8090 6284 4806 4288 3765 3201 2969 2741 2481 2422 2483 2626 2724 2835 3511 3746 3342 3022 2571 2492 2309 2013 1680 1547 1616 1827 2096 2329 2389 2814 2901 2926 2775 2614 2444 2197 2250 2387 2668 2759 2690 2748 2695 2757 2806 3046 3141 3204 2922
3836 4485 5931 6750 7578 8241 8578 8870 9036 9053 8708 8325 7976 7774 8692 9535 9803 9639 9253 8329 7724 7145 7063 7161 6892 7084 7885 7274 7415 7521 7733 7849 8329 9307 8447 6321 5358 4405 3992 3325 2861 2595 2405 2143 2042 2062 2153 2192 2200 2195 2215 2070 2626 2181 2096 1872 1675 1485 1459 1639 2023 2540 2981 3083 3488 3540 3403 3170 2929 2759 2405 2451 2610 2777 3025 3087 3218 3296 3341 3589 3653 3754 3584 3173
3934 4454 5565 6288 7561 8642 9137 9578 9711 9776 9226 8858 8866 9021 9635 10042 10315 10334 10035 9385 8284 7408 6869 6435 5931 6096 6301 6418 6489 6729 7055 7739 8081 9310 6991 5372 4434 4072 3608 3126 2535 2272 2102 1915 1761 1733 1763 1774 1698 1785 1727 1580 2124 1857 1580 1493 1436 1066 1128 1244 2205 3381 3983 4255 4510 4579 4060 3568 3128 2899 2682 2736 2906 3196 3533 3844 3863 4164 4226 4334 4234 4162 3943 3649
4112 4617 5876 6694 7118 7935 9311 10343 10430 10270 9969 9606 9755 9931 10287 10707 10740 10798 10725 10169 8776 7769 6651 6112 5609 5776 5797 5911 6360 6829 7670 8484 9580 9236 5865 4511 3983 3585 3199 2781 2337 2025 1857 1672 1531 1447 1395 1327 1359 1380 1378 1175 1017 1332 1438 1347 1002 1055 1148 1258 1986 4039 4757 5297 5532 5353 4994 4343 3699 3261 2979 3163 3464 3817 4304 4503 4690 4759 4920 4843 4821 4697 4385 3884
4262 4639 5115 6634 7472 8319 9513 10362 10731 10727 10569 10549 10481 10667 10840 11102 11138 10936 10896 10285 9193 7902 6612 6088 5532 5819 5984 6166 6935 7772 8448 8925 9542 7003 4906 4168 3585 3323 3006 2593 2120 1805 1629 1483 1291 1128 1056 1089 1125 1064 983 858 892 1236 1310 1031 1037 1040 1152 1279 2231 4557 5564 5973 6099 6122 5750 5082 4248 3670 3457 3663 4186 4648 4992 5197 5423 5365 5425 5448 5423 5333 4909 4304
4362 4711 5076 5579 6329 7716 10200 10982 11244 11138 11058 11200 11080 11343 11386 11229 11357 11216 10880 10355 8804 7819 6608 5815 5841 6090 6345 6850 7615 8220 8813 9430 9766 6520 4903 3879 3385 3049 2766 2439 2017 1650 1420 1217 987 870 883 897 890 859 782 813 1156 1269 1074 1007 1016 1062 1149 1290 1505 4386 5819 6482 6614 6571 6188 5613 4863 4180 4121 4364 4932 5468 5928 6119 6290 6170 6152 6048 6027 5843 5313 4581
4164 4486 4777 5436 5817 6299 9072 11208 11652 11638 11694 11582 11648 11593 11768 11644 11353 10956 10757 10196 8800 7517 6274 6006 6077 6525 6948 7461 8072 8761 9339 9770 10246 6176 4686 3860 3242 2906 2671 2288 1862 1438 1221 980 741 705 682 713 738 844 1031 1328 1349 1258 1152 1055 1067 1073 1181 1300 1477 3816 6108 6867 7360 7246 6829 6093 5241 4526 4654 4940 5665 6305 6769 7023 7207 7011 6956 6762 6619 6189 5587 4903
3392 3574 4460 4817 5597 6301 8440 11596 12119 12231 12262 12111 12126 11855 11596 11911 11412 11018 10509 10061 8345 7035 6079 6441 6658 6877 7400 7857 8443 9114 9531 11076 8287 6059 4963 4054 3249 2699 2314 2049 1656 1281 1002 686 618 585 623 644 1206 1539 1458 1401 1489 1481 1482 1309 1131 1184 1223 1369 1495 1686 6189 7201 7843 8002 7524 6586 5693 5088 5144 5589 6292 7131 7693 7983 8241 7991 7740 7408 7045 6352 5653 5079
3735 4004 4246 4604 5405 6414 7302 11572 12465 12577 12620 12562 12368 12268 12014 11620 11490 10619 9968 9503 8095 6132 6433 6811 6978 7209 7568 8112 8456 8954 10110 10296 7810 6239 5160 4147 3385 2691 2160 1716 1357 1017 854 653 549 531 654 1438 1694 1718 1664 1694 1979 2149 2168 2005 2019 1246 1318 1423 1511 1694 3319 7422 8548 8704 8129 7132 6096 5537 5401 5912 6760 7982 8775 9118 9300 8909 8625 7996 7335 6534 5844 5000
4287 4459 4595 5097 5716 6685 8672 11997 12908 12971 13078 12837 12712 12572 12218 11854 11456 10597 9804 8846 7253 6014 6930 7327 7539 7631 7892 8061 8395 8974 8781 7316 7405 6192 5250 4434 3602 2895 2243 1593 1208 875 617 674 583 662 1218 1795 1994 2018 2012 2138 2563 2893 2990 2943 2800 1868 1493 1483 1575 1719 1935 7413 9128 9500 8776 7609 6380 6022 5749 6092 7214 8421 9479 9897 10336 9799 9269 8337 7556 6575 5793 5008
5698 5849 6105 6521 6425 6981 10360 12826 13305 13447 13334 13115 12968 12561 12497 12211 11859 10815 10129 9020 7835 6995 7259 7664 7966 8058 8202 8225 8292 8681 8032 6240 7426 6026 5404 4498 3848 3127 2479 1812 1390 928 908 1029 949 763 1827 2218 2533 2587 2643 2865 3378 3738 3996 4126 3969 3599 3459 2300 2448 2727 3654 7934 9723 10142 9325 8005 6734 6266 5856 6348 7494 8985 10234 10886 11208 10405 9695 8616 7710 6621 5731 4970
7991 8238 8049 8295 9474 10298 11327 13195 13424 13442 13381 13411 12982 12854 12763 12712 12384 11397 10431 9127 8088 7560 7684 8046 8308 8548 8601 8760 9250 9114 5971 6016 6523 5958 5340 4664 3798 3080 2516 2063 1694 1469 1312 1327 1242 1760 2540 3033 3334 3622 3869 4203 4488 4808 5013 5044 5173 5302 5468 5659 6020 6148 6619 8981 10550 10905 9914 8579 7398 7040 6700 7255 8113 10053 11463 12097 11931 10907 9723 8893 7935 6846 5810 5067
10021 10354 10298 10688 11135 11266 12267 13310 13466 13544 13438 13515 13333 13158 13254 13122 12780 11818 11159 9675 8570 8092 7958 8328 8626 8857 9291 9677 8653 5620 4383 5391 6144 5654 5094 4416 3646 3004 2512 2161 1841 1527 751 824 899 1912 3405 4106 4686 5105 5401 5605 5616 5496 5580 5840 6213 6577 6960 7529 8182 8688 9723 10647 11595 11804 11014 9707 9013 8811 9147 9735 11026 12274 13172 13241 12610 11054 9844 8842 7789 6733 6018 5225
11234 11511 11192 11481 12020 12585 13776 13971 13836 13670 13583 13295 13404 13417 13486 13542 13179 12506 11459 10620 9235 8690 8387 8594 9159 9529 9550 6728 4588 4079 4097 5111 5770 5307 4765 4065 3373 2746 2371 2129 1040 753 757 897 1181 1626 2282 4570 5809 6469 6573 6600 6389 6169 6000 6137 6501 7036 7366 8339 9334 10449 11270 11966 12374 12449 12136 11678 11497 11446 11933 12824 13985 14991 15330 14604 12479 10824 9679 8519 7584 6722 6058 5492
11756 11301 11554 11796 12200 13518 14024 14078 14103 13982 13775 13740 13490 13490 13784 13785 13338 12597 11820 11671 9953 9349 8846 9119 9267 8739 4649 3624 3421 3279 3623 4773 5356 5019 4323 3684 3057 2592 2164 1439 804 767 836 1035 1397 2224 2884 3593 6178 7546 7769 7810 7489 7140 6724 6368 6935 7087 7807 8361 10370 11576 12720 13144 13499 13615 13554 13317 13247 13788 14324 15456 16196 16807 17069 14842 12260 10824 9354 8344 7439 6722 6183 5673
12472 11878 11696 11626 11943 13942 14459 14551 14329 14282 13996 13810 13838 13824 13855 13968 13827 13031 12257 12029 10725 9702 9359 8865 8096 4589 3096 2617 2631 2728 3528 4823 4919 4595 3847 3307 2847 2416 1795 1216 783 872 999 1213 1418 1573 3172 4219 5345 8623 9575 9372 8925 8221 7828 7887 8437 9123 9574 10606 12530 13828 14429 14849 14988 14757 14347 14401 14584 14991 16140 17014 17808 18530 17781 14044 12097 10834 9575 8422 7537 6763 6178 5751
13057 12294 12311 12458 12216 13452 14524 14782 14870 14615 14413 14226 14049 14207 14393 14640 14527 13667 12451 11094 10860 9182 7357 6021 3042 2111 2021 2098 2264 3852 4897 4846 4524 4075 3546 3044 2563 1830 1253 1271 1186 943 1142 1382 1673 1906 2518 4386 6030 10059 11690 11306 10757 9961 9430 9569 10103 10962 11978 13129 15067 15707 16277 16366 16128 15688 15374 15228 15225 15723 17063 18142 18810 19452 17977 13647 12048 10912 9757 8623 7727 6972 6376 6048
13422 12461 12211 12644 12921 14376 15277 15557 15493 15307 15141 15043 14959 15198 15078 15386 15361 14733 13052 11285 10115 5679 4637 2708 3694 2518 3266 4412 4755 5310 5433 5085 4452 3792 3287 2710 1891 1124 1194 1114 1013 1211 1268 1568 1899 2284 2810 3835 7515 11080 13269 13141 12751 11933 11271 11093 11868 13040 14322 15914 17225 17870 18107 17889 17300 16497 16277 15936 15741 16139 17615 19057 20055 19876 15878 13451 11976 10888 9775 8689 7763 7011 6551 6147
13578 12652 12865 12851 13255 14734 16022 16425 16349 16165 16040 15710 15687 16002 15905 15881 16000 15092 13605 10362 8178 5803 5220 5507 5792 5593 6238 5407 5812 5596 5426 4930 4291 3665 3088 2276 1291 1034 1148 1045 1207 1347 1686 1907 2104 2625 3328 4441 6381 11972 14835 15032 14311 13506 12646 12206 12743 14654 16535 17951 18941 19556 19565 18778 18334 17646 17468 16846 16047 15547 16897 19135 20578 17510 14348 12214 11170 9060 8087 8162 7657 7094 6660 6428
14312 14446 14156 13978 14012 15762 16611 17098 17066 16952 16874 16524 16550 16598 16619 16662 16568 15292 13398 11264 9070 7151 7420 7721 7711 8240 9694 8043 6635 5921 5410 4873 4154 3522 2824 1783 1152 1047 1078 1101 1157 1376 1731 2184 2612 3213 4144 5471 6797 7722 15109 16643 16015 14951 14032 12672 13576 14959 17462 19911 21116 21190 20812 19776 18807 18285 17942 18040 16799 14987 14113 18198 19698 15732 11960 10612 9596 8470 7803 8003 7619 7289 6930 6773
15654 15716 15938 16060 16444 17134 17560 17781 17780 17926 17843 17519 17593 17343 17458 17284 16896 15269 13059 11859 9231 8649 9180 9951 10170 10999 11533 8656 6842 5807 5299 4698 3999 3338 2474 1504 1117 1064 1036 1106 1221 1466 1822 2214 2701 3271 4073 5292 6483 7485 8379 15466 16727 16445 15700 14116 14667 15975 17644 20577 22257 22587 21829 20628 19097 18393 18337 18452 17786 15937 13864 17868 15576 12599 11379 10399 9332 9120 8914 8267 7852 7554 7278 6928
17016 17325 17237 17380 17636 17677 17817 18221 18578 18723 18643 18307 18072 17841 17695 17714 17080 14778 13298 12456 11107 11225 11939 12339 12529 12751 11556 8501 6723 5657 5030 4459 3844 3108 2048 1208 1063 986 996 1092 1202 1459 1796 2213 2666 3179 3671 4232 4777 5256 5699 6421 12660 16963 16314 15394 15234 14676 18443 20913 23594 23504 22833 21551 19102 18424 18919 19027 18353 17236 15475 17050 15965 14070 12736 11915 10728 10014 9227 8548 7999 7771 7412 7114
17881 18174 18066 18019 18051 17673 18002 17860 18588 19251 19121 19135 18919 18838 18439 18270 17148 15147 14061 13875 13611 13533 14060 14442 14651 12375 10030 7387 6368 5376 4798 4226 3621 2624 1695 1146 914 967 1003 1003 1132 1373 1722 2068 2515 2962 3445 3920 4387 4851 5248 5530 5831 10323 14753 13709 11571 10629 16468 20656 24366 24348 23621 21794 19271 18570 18915 19453 18876 17639 16606 17738 15840 14410 13318 12293 11319 10321 9448 8752 8310 7958 7588 7259
17703 17740 18016 18192 18003 17699 17381 17872 18663 19522 19854 19799 19477 19532 18943 18572 17490 15962 14859 14325 15267 15135 16147 15955 13887 11911 8783 7209 6045 5146 4653 4028 3215 2398 1463 1113 823 967 988 916 1033 1216 1526 1933 2283 2685 3101 3595 3981 4442 4920 5202 5548 8131 9282 9716 10414 11099 11961 17590 24253 25201 24234 21679 19184 18069 18226 18821 17943 17269 16440 17204 16033 14242 13544 12702 11615 10591 9839 9138 8553 7979 7796 7402
16668 16910 16453 16293 16038 16795 16101 16474 18341 18490 19819 19881 20478 19495 18552 17490 16231 15448 14584 14673 17557 17043 17256 14680 11811 9359 8390 6902 5721 5085 4554 3928 3082 2163 1401 1121 822 971 987 901 903 1113 1388 1717 1996 2340 2826 3260 3702 4213 4713 5116 5819 8527 9451 10005 10527 11379 12221 12968 23414 25689 25040 22158 18612 17069 17396 18079 16415 16306 15867 17308 15775 14531 13730 12882 11974 11033 10219 9532 8973 8483 7994 7606
17211 16187 16018 15626 16555 16113 15739 16422 17235 16755 17972 19621 18615 17446 14062 12700 11631 10243 8886 3300 10781 9255 11103 11379 10436 9254 7942 6753 5496 5102 4636 3916 3002 1993 1441 1141 857 954 962 880 940 1093 1345 1591 1828 2066 2493 3000 3488 3971 4581 5146 7125 8716 9736 10171 10809 11700 12501 13183 22680 26299 25547 20650 18295 17299 16606 17534 15869 15262 15894 17300 16052 14892 13949 13303 12491 11478 10667 10051 9500 8931 8308 7564
