Visibility/Code off linux servers/count_arctan/results.asc
ncols         391
nrows         472
xllcorner     271845
yllcorner     3875415
cellsize      30
NODATA_value  -9999
[rows 222 to 258 of 472, columns 84 to 167 of 391]
6330 6433 6251 5634 4624 3367 2515 1809 852 1233 1383 1502 1590 1695 1841 2007 2123 2249 2373 2481 2610 2955 4394 5162 6496 10957 12525 12843 12413 12792 12921 12243 11854 11149 10791 10397 10082 9763 9502 9380 9793 9661 9347 8705 7000 5900 5257 5547 5855 6172 6368 6975 7763 8488 8946 9294 9188 8798 8350 7699 6635 3909 1444 1349 1430 1666 1897 2681 4185 5154 4948 4807 4485 4299 3986 3727 3620 3129 2984 3101 3110 3236 3604 4915
6505 6458 5875 5026 4178 3569 2684 1563 793 1161 1413 1522 1613 1725 1855 2026 2159 2317 2449 2569 2684 3235 4167 4987 11147 11787 12031 12114 11927 12390 11998 11751 10946 10532 10005 9539 9106 8725 8523 8478 8577 8735 8880 8607 7729 6501 5160 4894 5259 5627 6108 6970 7556 8226 8515 8529 8305 7956 7567 7353 7071 5446 2380 1986 1964 2075 2866 5056 6729 7768 6968 5646 4964 4576 4163 3535 2825 2788 2377 2293 2418 2541 3028 3752
6535 6176 5477 4818 4012 3373 2529 1757 1182 1218 1446 1608 1698 1828 1948 2119 2276 2414 2529 2659 2933 3443 4110 9441 11378 11585 11765 11716 11767 11651 11651 11040 10708 10201 9357 8645 8267 8022 7759 7742 7725 7873 8263 8496 8149 7850 6969 6142 5157 5579 6293 7103 7679 8013 8047 7907 7629 7296 6911 6737 6448 5776 3546 2961 2639 4459 7194 8516 8510 8725 8881 8315 7602 6171 4347 3709 2974 2318 2163 1818 1950 2405 2955 3948
6528 5903 5297 4684 4191 3430 2560 1886 1480 1616 1621 1741 1862 1940 2101 2248 2390 2526 2668 2955 3879 4193 6454 10818 11167 11904 11820 11590 11458 11511 10944 10676 10314 9755 8945 8135 7787 7420 7201 7130 7185 7318 7680 8084 8186 8311 7907 7363 7024 6516 6476 6999 7439 7598 7545 7356 6993 6755 6569 6328 6369 6548 6894 7530 8576 9330 9584 9156 8826 9152 9097 9037 8871 7682 6043 4455 3239 2458 1902 1807 1652 2408 2923 4067
6648 5826 5277 4771 4162 3508 2633 2030 1738 2054 2159 2275 2302 2257 2317 2438 2572 2706 3282 4190 4828 4696 9779 11410 12140 12370 11903 11667 11418 10928 10313 9949 9317 8833 8277 7651 7222 6958 6740 6491 6509 6885 7292 7559 7682 7833 8091 7955 7911 7328 6871 6864 7053 7139 6962 6705 6483 6198 6145 6134 6322 6649 7702 8633 9561 10148 10121 9632 9397 8970 8877 9069 9297 9005 7538 5671 4028 2756 2163 1984 1583 2150 2926 4136
6670 5950 5312 4807 4249 3603 2729 2256 2219 2493 2697 2814 2809 2878 2876 2998 3280 3731 4306 4875 5361 8461 10923 12216 12960 12658 11820 11379 10802 10284 9631 8993 8502 8138 7779 7332 6872 6472 6280 5967 6017 6359 6864 7092 7224 7452 7718 7992 7894 7686 7141 6879 6652 6507 6454 6114 5835 5721 5657 5901 6174 6766 7846 8673 9553 9877 9965 9668 9182 8862 8473 8596 8855 8928 8609 7014 5217 3683 2637 2252 1777 2112 3018 4005
6721 5918 5427 4915 4383 3710 2908 2554 2720 2984 3224 3315 3307 3374 3428 3724 4179 4807 5092 5447 7898 10792 11400 12268 13181 13147 11886 11129 10213 9432 8681 8228 7825 7661 7461 7126 6651 6170 5823 5649 5720 5981 6433 6658 6915 7090 7446 7714 7811 7787 7316 6974 6442 6280 5841 5625 5428 5294 5269 5684 6131 6784 8010 8757 9260 9498 9618 9356 8987 8371 7984 7996 8362 8455 8467 8350 6624 4767 2752 2541 2032 1855 3062 4107
6647 6012 5557 5007 4524 3929 3294 3003 3188 3451 3646 3750 3809 3964 4166 4461 4845 5159 5378 7372 9709 10944 12423 12453 13310 13065 12144 11073 10134 9031 7983 7535 7330 7107 6990 6767 6523 6185 5762 5324 5518 5762 6038 6262 6509 6773 7124 7228 7489 7530 7342 7097 6515 6148 5453 5237 5023 4835 4929 5429 6066 6807 7659 8397 8904 9289 9394 8940 8618 8039 7600 7531 7767 7970 8142 8363 7872 6079 4271 2933 2403 2081 2918 3896
6533 6052 5641 5105 4583 4120 3654 3548 3671 3872 4060 4188 4329 4581 5027 5001 5262 5380 7089 8632 9767 11027 12849 12716 13273 12537 11890 10509 9809 8457 7756 7091 6740 6618 6344 6405 6229 6086 5781 5336 5357 5497 5763 5951 6129 6368 6518 6749 6867 6956 7141 7020 6762 6335 5700 5062 4812 4824 4911 5542 6068 6358 7236 8129 8717 9099 9059 8697 8065 7687 7217 7137 7239 7295 7621 7976 7950 7354 5529 3533 2983 2352 2879 3848
6603 6013 5507 5162 4724 4384 4118 4006 4143 4323 4516 4731 4982 5329 5792 5291 5381 9180 8645 9214 10290 11472 13076 13275 13092 12430 11468 10408 9531 8224 7437 6621 6209 5881 5770 5746 5774 5851 5768 5403 5338 5396 5509 5583 5646 5725 5875 6020 6217 6434 6609 6754 6796 6504 6098 5392 5091 4894 4940 5244 5511 5788 6656 7730 8356 8713 8748 8170 7767 7375 6904 6750 6821 6819 6942 7204 7299 7346 6880 5184 3719 2853 2818 3982
6675 5967 5611 5259 4927 4743 4546 4543 4680 4742 5026 5353 5700 5862 6215 5223 7671 7729 8486 8970 9709 10875 13309 13382 13181 12302 11102 10104 8992 7993 7132 6406 5810 5443 5218 5143 5142 5299 5423 5287 5239 5315 5366 5255 5238 5249 5230 5344 5566 5927 6232 6573 6681 6564 6160 5772 5225 5041 4961 4998 5256 5465 6464 7518 8078 8357 8433 7925 7316 6894 6579 6356 6212 6353 6398 6469 6654 6935 6912 6279 4977 3952 3461 4242
6747 6138 5820 5483 5247 5127 5156 5273 5353 5458 5689 5681 5900 6006 6202 4525 4952 6590 7954 8373 9110 10761 13233 13371 12894 11969 11032 9864 8777 7702 6905 6201 5580 5038 4828 4705 4586 4654 4820 4869 4895 4990 5060 4948 4896 4841 4715 4768 4941 5301 5774 6202 6338 6326 6199 5806 5409 4981 4965 4963 5165 5648 6549 7375 7872 8111 7984 7744 6967 6432 6035 5746 5595 5649 5574 5597 5735 6080 6372 6268 5766 5131 4544 4380
6873 6417 6094 5833 5666 5588 5702 5801 5852 6002 6071 5914 6041 5934 5898 3448 3982 5179 7192 7755 8929 10879 12430 13295 12693 12074 10810 9905 8605 7607 6710 6213 5402 4842 4305 4118 4020 3998 4080 4216 4317 4465 4538 4538 4417 4274 4136 4099 4325 4710 5192 5634 5833 6124 6081 5827 5425 5024 4889 4768 5057 5659 6437 7018 7387 7555 7449 7012 6334 5727 5275 4958 4919 4842 4870 4916 5036 5156 5679 5713 5553 5261 4960 4560
7312 6655 6394 6137 5994 5880 5893 6044 6146 5603 5035 5374 6247 7134 10610 10643 9644 10122 8862 8850 9851 11461 11986 13014 12560 11827 10767 9816 8589 7394 6653 5883 5213 4708 4013 3616 3346 3340 3392 3542 3740 3953 4194 4263 4076 3829 3536 3503 3719 4187 4567 4966 5407 5756 5922 5784 5521 4904 4307 3984 4103 4820 5608 6118 6319 6418 6289 5681 4829 4211 3950 3938 4014 4102 4192 4235 4239 4547 4835 5058 5227 5029 4883 4484
8501 6994 6709 6503 6286 6108 6066 6085 5576 5521 6764 6386 7197 9057 11121 10839 12210 11228 9909 9353 9713 11124 11575 12596 12367 11639 10861 9567 8360 7185 6380 5647 4960 4523 3949 3313 2961 2900 2925 2959 3183 3570 3772 3943 3896 3691 3426 3303 3377 3583 4058 4533 4935 5382 5590 5658 5527 4915 3734 3194 3110 3718 4637 5117 5225 5339 5011 4352 3497 3057 3034 3144 3308 3492 3583 3549 3686 3985 4300 4395 4586 4689 4713 4244
10741 8876 7140 6711 6647 7186 8949 9051 5705 6135 6902 7630 8180 8808 9135 9190 9227 9142 9061 8908 8953 9474 10686 11602 12049 11437 10465 9264 8077 6943 6207 5510 4938 4401 3800 3271 2710 2443 2282 2345 2664 3026 3395 3639 3607 3503 3258 3153 3176 3337 3461 3823 4471 4907 5157 5250 5386 5312 4691 4163 3872 3881 4251 4534 4842 4812 4386 3797 3134 2882 2782 2895 3108 3217 3165 3115 3180 3407 3785 3833 4051 4355 4208 3994
13952 12718 11355 10205 10545 10828 7585 6558 6482 6551 6820 7326 7632 8059 8348 8291 8275 8258 8150 8084 8270 8551 9569 10516 11432 11028 10037 8985 7677 6704 5885 5092 4592 4082 3546 3130 2710 2241 2059 1986 2023 2242 2656 3016 3117 3073 2923 2800 2740 2721 2870 3187 3532 4095 4297 4403 4533 4498 4176 3889 3749 3750 3941 4189 4428 4355 3956 3557 3155 2807 2722 2785 2873 2931 2863 2864 2906 3059 3098 3197 3375 3809 3649 3610
15816 14791 12615 10311 9130 7185 6831 6672 6563 6547 6646 6929 7206 7484 7607 7650 7747 7672 7572 7623 7826 8061 8582 9526 10096 10503 9867 8641 7759 6271 5354 4978 4374 4061 3483 3126 2792 2539 2101 1899 1793 1791 2088 2298 2382 2435 2388 2231 2208 2122 2209 2408 2652 2900 2965 3131 3128 3055 2905 2748 2802 3032 3351 3436 3501 3569 3438 3284 3028 2663 2503 2496 2570 2671 2679 2728 2764 2828 2868 2914 2930 3081 3107 3204
15845 13559 10983 8677 6936 6839 6648 6526 6368 6278 6357 6626 6890 7114 7350 7409 7485 7408 7366 7432 7604 7731 7854 8325 9063 10020 9640 9006 7907 6843 5493 5050 4530 4122 3743 3481 3119 2686 2547 2211 1879 1718 1677 1780 1875 1945 1952 2000 2032 2044 2096 2236 2376 2464 2501 2510 2523 2441 2325 2258 2351 2645 2954 3230 3249 3292 3243 3073 2839 2508 2271 2268 2344 2440 2478 2521 2555 2630 2677 2671 2734 2740 2727 2866
15345 12351 8315 7372 6885 6649 6412 6233 6101 6073 6209 6330 6662 6903 7082 7215 7168 7132 7092 7169 7273 7355 7238 7240 7748 8176 8771 8994 8290 7399 6584 5868 5250 4490 4368 3785 3453 3081 2846 2530 2325 1975 1662 1559 1616 1696 1781 1912 1974 2053 2117 2130 2187 2274 2332 2363 2354 2316 2199 2122 2245 2470 2729 3135 3293 3228 3102 2917 2682 2322 2108 2065 2106 2201 2316 2305 2353 2404 2458 2486 2527 2519 2548 2714
11548 10355 8892 7917 6819 6377 6079 5914 5735 5713 5848 6050 6340 6645 6825 6930 6994 6953 6930 6900 6835 6800 6771 6605 6629 6489 7338 7708 7812 7476 6955 6159 5851 5380 4847 4581 4133 3330 3080 2828 2493 2338 2022 2000 1866 1784 1792 1889 1919 1978 1980 1972 2037 2091 2176 2228 2272 2239 2177 2137 2217 2441 2846 3030 3248 3192 3019 2820 2600 2389 2144 1985 2007 2097 2171 2171 2239 2244 2251 2328 2389 2417 2469 2621
10785 9806 8826 8521 6669 5997 5803 5595 5454 5494 5607 5855 6124 6346 6508 6517 6565 6624 6591 6547 6413 6340 6142 5920 5881 5921 5817 6355 6575 6884 6549 6215 5637 5448 4982 4744 4589 4055 3549 3142 2769 2627 2405 2303 2299 2255 2087 2019 2030 1955 1819 1846 1822 1935 2071 2242 2246 2231 2184 2174 2245 2435 2790 3114 3052 3073 2969 2728 2578 2591 2467 2309 2286 2192 2146 2163 2100 2102 2174 2276 2389 2399 2492 2614
9883 9707 8932 8428 6894 5771 5443 5228 5115 5147 5340 5503 5775 5915 5990 6117 6157 6088 6046 5955 5765 5581 5369 5176 5068 5086 5108 5178 5519 5479 5537 5382 4759 4590 4087 4121 4179 4190 3815 3470 3189 2976 2782 2511 2636 2397 2397 2103 1985 1988 1875 1850 1873 2010 2202 2396 2662 2648 2565 2329 2412 2471 2875 3153 2986 2941 2913 2743 2791 2946 2857 2675 2560 2409 2331 2238 2195 2183 2185 2296 2336 2427 2582 2809
8944 9174 8841 8455 7082 5595 5129 4840 4768 4824 4966 5079 5298 5461 5443 5466 5561 5563 5358 5204 5046 4778 4567 4434 4401 4357 4309 4375 4439 4685 4535 4170 3570 3059 2769 2664 3302 3471 3464 3511 3378 3283 3056 2821 2653 2391 2273 2105 2129 2005 2025 1963 2063 2173 2429 2609 2802 3000 2981 2646 2716 2912 3072 2865 2677 2705 2760 2731 3154 3346 3292 3089 2830 2605 2467 2317 2254 2264 2346 2405 2482 2594 2834 3124
8515 8523 8301 8240 7086 5611 4747 4452 4322 4400 4488 4639 4723 4820 4775 4758 4815 4753 4521 4347 4118 3898 3828 3777 3674 3660 3618 3570 3725 3746 3614 3103 2614 2357 2216 2229 2354 2632 3016 3219 3270 3198 2863 2686 2396 1965 2047 2094 2128 2106 2218 2227 2186 2382 2624 2877 2896 3086 2900 2904 2743 3126 2928 2636 2713 2781 2949 3066 3509 3794 3693 3410 3068 2766 2617 2506 2415 2499 2669 2719 2818 2908 3163 3448
7922 8198 7932 7793 6909 6052 4473 4121 3975 4011 4023 4097 4090 4098 3937 3898 3915 3801 3560 3387 3268 3239 3183 3094 3020 2924 2849 2767 2839 2742 2615 2254 2005 1973 1917 1917 1949 2077 2219 2741 2688 2785 2498 2228 2010 2048 2137 2243 2304 2393 2547 2411 2381 2488 2649 2914 2936 3124 2927 2782 2737 2903 2944 2895 3008 3131 3301 3749 4067 4070 3912 3621 3281 3006 2875 2778 2709 2811 2976 3123 3187 3253 3501 3833
7495 7686 7987 7570 6358 5957 4714 3707 3618 3612 3546 3455 3346 3201 2982 2838 2743 2628 2590 2558 2554 2528 2454 2379 2305 2197 2118 2016 2028 2134 2040 1800 1635 1591 1571 1568 1541 1536 1905 1976 2123 2143 1969 1980 2092 2220 2408 2502 2531 2592 2740 2720 2527 2585 2732 2935 3168 3172 2806 2779 2890 3030 3123 3234 3346 3471 3760 4216 4458 4281 4053 3760 3473 3298 3184 3062 2999 3163 3326 3483 3523 3608 3744 4026
6925 7238 7968 7579 7016 5813 4999 4376 3454 3181 2824 2566 2310 2029 1886 1759 1769 1793 1838 1943 1942 1939 1900 1890 1803 1686 1578 1508 1501 1661 1685 1420 1328 1325 1315 1310 1316 1338 1665 1816 1687 1842 1955 2049 2217 2409 2607 2686 2741 2800 3146 2882 2724 2765 2826 3259 3459 3221 2751 2810 2951 3159 3352 3553 3703 3850 4237 4742 4613 4428 4132 3808 3674 3564 3475 3351 3320 3512 3758 3912 3918 3857 3940 4223
6690 6696 7367 6977 6420 6268 5737 5500 4759 3796 3131 2618 1846 1602 1502 1493 1502 1506 1517 1543 1544 1507 1463 1490 1305 1243 1160 1272 1368 1414 1375 1247 1229 1207 1211 1226 1234 1425 1544 1582 1761 2000 2093 2175 2347 2632 2816 2887 2993 3053 3383 3346 3108 3119 3391 3395 3367 2955 2760 2673 2816 3161 3518 3757 3977 4161 4718 5057 4769 4522 4149 4002 3841 3882 3827 3652 3670 3882 4185 4289 4291 4153 4142 4319
5653 6234 6737 6780 6394 6574 6244 6174 5430 4756 3930 2800 2469 1962 1528 1376 1252 1261 1277 1272 1298 1255 1300 1272 1138 1196 1329 1678 1891 1682 1549 1625 1478 1444 1443 1385 1351 1480 1724 1800 1899 2030 2136 2258 2404 2714 2938 3051 3152 3270 3608 3604 3622 3801 3729 3592 3237 2995 2823 2718 2794 3118 3612 3983 4254 4608 5392 5497 4821 4451 4213 4314 4213 4248 4154 4092 3978 4196 4603 4650 4613 4381 4352 4374
6068 6657 7382 6793 7042 6907 6960 6642 5942 5031 4012 3503 2875 2385 2034 1868 1309 1346 1251 1300 1555 1333 1638 1390 1442 1312 1604 1964 2380 2189 1771 1641 1722 1866 1552 1643 1691 1818 1861 1909 1982 2089 2232 2378 2559 2836 3069 3196 3320 3447 3609 4159 4503 4140 4212 3580 3186 3040 3006 2950 2890 3118 3721 4484 6130 5834 6766 6054 5584 5036 4537 4817 4743 4730 4562 4378 4339 4786 5583 5272 5004 4637 4564 4600
6581 7548 8371 7627 8053 7988 7872 7105 6200 5299 4376 3727 3138 2712 2114 1806 1511 1320 1146 1509 1557 1603 1611 1895 1644 1709 1799 2358 2558 2399 2035 2093 1877 1849 1719 1822 1890 2022 2096 2166 2237 2259 2357 2495 2647 2946 3213 3376 3528 3673 4126 5417 5859 5386 4828 4294 3266 3254 3125 3085 3148 3292 4155 5941 6892 7563 7603 7245 6647 6690 6355 6445 6598 6379 5657 5359 5308 5309 5517 5285 4996 4479 4379 4530
9232 9762 9583 9347 9320 8931 8432 7500 6747 5635 4760 3814 3188 2782 2397 1567 1067 1321 1284 1487 1802 2092 2075 2090 2126 2161 2210 2672 2665 2447 2225 1954 1931 1817 1894 1944 2089 2188 2354 2468 2478 2423 2498 2589 2754 3064 3312 3603 3876 5413 6087 6688 6707 6043 5252 4701 4350 4411 4038 3480 3695 4932 5535 5735 5888 5978 6504 6473 6422 6361 5885 6085 5728 5572 5215 4881 4099 3736 3830 3974 3645 4004 4350 4628
10529 10617 10337 10040 9874 9512 8592 7895 6898 5780 4878 3905 3303 2870 2342 1317 1269 1435 1554 1736 2093 2379 2600 2582 2590 2824 2819 2827 2724 2383 2073 1973 1869 1897 1942 1982 2122 2299 2571 2714 2710 2637 2594 2676 2887 3098 3499 4034 6033 7171 7183 7053 6558 5766 4888 4409 4096 4179 3865 4030 4575 5085 5126 4403 4224 4226 4265 4441 4237 3954 3680 3493 3484 3544 3282 3073 2689 2475 2500 2994 3517 4177 4640 4946
10799 10525 10389 9678 9488 9148 8227 7374 6861 5588 4381 3806 3127 2862 1816 1427 1504 1712 1932 2483 2716 2920 2884 3271 3076 3202 3167 3046 2641 2203 2013 1928 1910 2003 2056 2136 2254 2434 2840 2959 2925 2806 2775 2830 2971 3153 4674 5371 6308 6674 6429 5913 5198 4776 3776 3330 2635 2572 2515 3080 3683 3965 3523 3244 3256 3147 3165 3153 3353 2852 2417 2217 2101 2050 2006 2053 2162 2189 2505 3350 3942 4547 4996 5205
9591 8594 9044 8103 7735 7876 7306 6669 5712 4617 3934 3495 2684 2161 1471 1489 1772 2110 2365 2909 3643 3506 3596 3515 3594 3583 3292 2849 2425 2031 1966 1947 1971 2148 2228 2321 2390 2624 3049 3232 3136 2999 2923 2988 3235 4793 5451 5088 5439 5211 4783 4713 3932 3137 2361 2069 2024 1754 1766 2192 2495 2581 2400 2264 2224 2272 2339 2601 2714 2277 1968 1762 1693 1693 1699 1801 2345 2913 3338 3724 4235 4793 5155 5463
8563 6923 6523 6060 5395 5672 5103 4691 4259 3557 3547 2992 2404 1632 1239 1611 2208 2658 2921 3933 4474 4309 4038 4044 3916 3570 3120 2501 2161 1933 1863 1874 1957 2218 2371 2422 2541 2787 3348 3505 3499 3473 3444 3650 4873 4761 4354 4201 4314 4255 3782 3672 3129 2193 1769 1906 2043 1819 1642 1708 1891 1917 1893 1847 1894 1930 1983 2562 2615 2495 2142 1827 1625 1622 1850 2211 2769 3335 3760 4044 4375 4933 5533 5833
