Visibility/Code off linux servers/count_arctan/results.asc
ncols         391
nrows         472
xllcorner     271845
yllcorner     3875415
cellsize      30
NODATA_value  -9999
[rows 111 to 147 of 472, columns 252 to 335 of 391]
5009 5729 5796 5127 3480 2790 2662 2551 2511 2255 2079 2000 1702 1555 1204 1017 1064 1330 1689 1669 1522 1446 1266 1151 1017 1075 1266 1656 1944 2036 1675 1556 1703 1942 2199 2438 2062 1958 1878 1904 1886 1970 1954 1833 1955 2289 2698 2913 2990 3165 3019 2556 2171 1770 1278 1260 1389 1830 2217 2806 2985 2979 3371 3932 4465 4464 4464 4194 3966 3434 3233 3052 3013 2535 2025 1852 1605 1440 1388 1485 1516 1439 1500 1552
5593 6077 6012 4643 3903 3146 2877 2812 2526 2199 1856 1755 1681 1200 1013 1095 1230 1496 1894 2062 1880 1579 1340 1147 1051 1096 1287 1724 1962 2137 1862 1711 1933 2181 2467 2440 2108 1852 1939 1965 1972 1972 1960 1827 1988 2297 2889 3247 3388 3581 3235 2869 2066 1538 1206 1165 1291 1825 2391 2986 3389 3339 3538 4019 4795 5044 4947 4784 4296 3589 4032 3654 2967 2374 1962 1700 1624 1391 1380 1572 1724 1792 1799 1665
6287 6643 6523 4678 4190 3447 3107 2847 2462 2202 1901 1678 1207 1117 1036 1179 1327 1838 2207 2205 1892 1414 1154 978 985 1035 1304 1923 2241 2404 2096 1975 2134 2405 2622 2378 2019 1791 1924 2042 2069 1973 1874 1853 1777 1908 2610 3464 3704 3796 3552 2852 1808 1328 1013 826 1014 1517 2389 3352 4411 4788 4215 4285 5106 5527 5348 5264 4753 4642 4350 3556 3044 2257 1834 1596 1444 1335 1407 1708 2027 2008 2001 1882
7106 7456 6815 4865 4270 3662 3162 2977 2661 2294 1993 1623 1141 1039 1094 1277 1473 1995 2545 2153 1690 1190 940 784 863 986 1148 1767 2365 2621 2317 2246 2553 2521 2209 2002 1682 1589 1827 2098 2024 1806 1347 1486 1700 1866 2065 3405 4207 4310 3718 3124 1989 1180 821 476 847 1479 2517 3534 4552 5476 5370 5620 5938 6142 5691 6664 5772 5186 4445 3659 2536 2000 1716 1482 1391 1356 1481 2083 2712 2533 2211 2085
7976 8047 5842 4959 4357 3933 3270 3038 2649 2406 2192 1674 1229 1305 1456 1654 1784 2447 2460 2031 1504 1119 865 798 794 911 1063 1493 2537 2739 2804 2869 2686 2316 1894 1561 1602 1735 2010 2065 1877 1452 1120 1326 1497 1700 2048 4202 6446 6344 4773 2582 1636 977 820 596 855 1509 2432 3610 4904 5638 6168 6987 7418 10100 9356 8145 6620 5531 4662 3165 2215 1771 1492 1402 1200 778 1442 2635 3029 2936 2460 2345
9135 8170 6087 5016 4422 3839 3153 3012 2696 2507 2363 1699 1434 1613 1871 2178 2589 2625 2217 1839 1374 1081 869 824 840 921 1027 1118 2195 2846 3183 3037 2716 2329 1821 1593 1768 1930 2193 2045 1855 1482 1202 1282 1446 1629 1797 3745 5433 5488 4410 2354 1317 1030 866 665 994 1438 2243 3217 4698 6084 7166 7790 8822 13851 13082 8130 6202 5298 4236 3308 2018 1659 1396 1230 708 894 1433 2674 3142 2776 2571 2342
9416 6769 5892 5021 4286 3675 3167 2896 2695 2682 2322 1730 1651 1852 2041 2691 2720 2540 2058 1710 1304 1126 982 954 981 962 991 1074 1922 2845 3301 3166 2771 2325 1941 1816 1918 2140 2191 1970 1805 1584 1418 1324 1413 1491 1527 3634 4159 4765 3943 2631 1633 1149 990 938 1061 1530 2257 3357 4889 6267 7362 9861 12006 11829 11307 9943 8503 6039 4170 2980 1997 1615 1383 1113 911 1614 2186 2670 3024 2245 2074 2324
7222 6310 5207 4730 4232 3512 3082 2984 2813 2659 2300 1941 1847 2137 2586 2864 2711 2381 1939 1506 1279 1227 1167 1287 1328 1351 1380 1320 2190 3071 3463 3228 2709 2254 2033 2005 2120 2250 2134 1743 1597 1631 1529 1445 1476 1545 1577 3622 3529 3553 3571 2639 1786 1322 1142 1145 1248 1503 2429 3842 5434 7789 9309 10622 10794 10203 9475 8813 7051 5137 4069 2538 1634 1459 1199 1000 1542 3761 3106 3295 2954 2262 2017 2493
5761 4874 4353 3787 4051 3517 3139 2917 2802 2667 2492 2262 1905 1985 2872 2637 2445 2125 1893 1554 1360 1382 1414 1586 1736 1894 1880 2025 2821 3312 3325 2923 2502 2127 1973 1936 2062 2264 2145 1809 1674 1771 1744 1570 1596 1687 1758 3574 2987 2667 2688 2144 1527 1100 930 1276 1523 1722 2858 4160 6743 7201 8762 10143 9982 9499 8653 8098 7430 4362 2308 1713 1324 1083 897 1169 3481 5354 3680 3582 3090 2506 2219 4567
5097 4491 4109 3703 3841 3576 3235 2829 2728 2805 2620 2615 2264 2241 2678 2476 2237 2126 1891 1683 1506 1544 1672 1848 2096 2359 2674 3241 3408 3470 3272 2522 2266 2023 1718 1944 2175 2353 2234 1921 1783 1925 1915 1880 1820 2108 3490 3244 2647 2416 1865 1577 1055 935 1127 1272 1582 2235 3316 4547 6140 7159 8239 9015 8887 8659 7846 6886 6939 3078 1929 1387 1065 845 816 1087 4493 6370 5975 3973 3325 2833 3581 5768
5064 4439 3910 3925 4021 3637 3365 3135 2961 3015 3028 3001 2867 2707 2666 2520 2476 2317 2201 2023 1829 1798 1714 1907 2196 2854 3641 3904 4025 3963 3437 2671 2380 1995 1727 1987 2351 2496 2462 2171 2100 2102 2129 2018 2099 2785 2716 2597 2306 1944 1538 1016 997 1130 1381 1579 2523 2863 3756 5100 6834 7137 7678 7948 8324 7859 7394 6592 7122 4456 2244 1734 1332 1086 907 3253 5685 8147 8540 4610 2926 2141 4150 5650
6048 4875 4638 4369 4122 3814 3849 3360 3517 3490 3420 3322 3207 2739 2949 2557 2498 2559 2524 2469 2259 2156 2061 2066 2236 3174 4161 4422 4527 4354 3488 3046 2646 2320 1921 2188 2726 3073 3023 2674 2416 2491 2655 2565 2453 2292 1898 1669 1306 1484 1048 967 1107 1298 1694 2084 2629 3223 4399 6274 6533 6465 6787 7049 7495 7030 6438 6274 6737 4800 2626 1985 1602 1151 1317 5179 6536 7403 8283 6646 2892 1791 4140 5570
6576 5626 5127 4537 4299 4344 4232 3972 3860 3944 3792 3549 3458 2993 3022 2743 2785 2861 2846 2835 2705 2491 2444 2421 2478 3474 4595 4925 4993 4730 4008 3309 3012 2769 2156 2157 3078 3271 4029 3404 3230 3355 3727 3571 3009 1499 2036 1550 1442 1101 1031 1053 1103 1195 1952 2486 2912 2626 3023 5130 4915 4173 5364 6221 6450 5995 5765 5539 7100 7264 4971 2510 2067 1574 4007 6052 6402 6785 6955 7088 5365 3190 4246 5290
7451 6185 5331 4711 4779 4584 4776 4595 4407 4270 3842 3854 3608 3177 3024 2964 3054 3138 3150 3272 3113 2903 2857 2844 2848 3752 4850 5315 5575 5168 4308 3622 3276 3093 2942 2974 4093 5020 5123 5297 5135 4308 4973 4967 4626 3460 2650 2065 1584 1259 1125 1070 927 1333 2628 3553 3403 2132 2124 2403 2221 1938 1957 3123 4171 4318 5101 5571 6277 7510 7570 6637 6504 4142 6014 6024 6076 6428 6436 6247 5617 4317 4568 4967
6416 6326 5511 5098 5053 5022 4885 4753 4579 4359 3939 3926 3804 3414 3214 3194 3085 3258 3303 3514 3503 3467 3204 3168 3346 4392 5366 5821 5989 5554 4662 4004 3549 3400 3250 4288 4774 4157 2767 2438 2583 2853 3150 4115 3913 3345 2469 1662 1254 1077 1092 732 1055 1611 3095 4249 4825 3143 2065 1932 1800 1494 1416 1486 1770 2090 3581 5075 5701 6031 7190 7045 6768 6029 5666 5686 5805 6002 6178 5969 5553 5020 4707 4555
5570 4955 4554 4186 3858 3921 3940 3732 3698 4009 4303 4217 3957 3601 3540 3263 3121 3173 3467 3698 3795 3471 3294 3309 3673 4708 5825 6250 6512 5693 5632 5290 5491 5395 5215 4961 3993 2549 1873 1723 1882 2132 2539 2773 3068 2748 1760 961 779 729 673 634 989 3137 3955 5934 6837 7149 3493 1971 1725 1397 1224 1144 1046 1494 2206 4266 5238 5706 6128 6160 6186 5618 4966 5219 5414 5599 5574 5514 5239 5137 4771 4424
4277 3468 3228 2959 2319 2466 2477 1926 2047 2993 3557 4118 3754 3559 3117 2651 2852 3139 3762 3940 3830 3342 3118 3291 3598 4945 6231 6756 7000 6624 6753 6795 6427 5876 5501 4448 2829 1558 1199 965 759 937 1645 2100 2161 1356 755 615 581 517 614 594 757 2784 4896 5266 6045 6416 7532 4480 2206 1575 1154 1006 873 977 1776 3837 4649 5257 5755 5760 5724 4926 4688 4750 4952 5104 5232 5132 4974 4971 4788 4490
3347 3394 2455 2440 1943 2071 1429 875 398 1286 2217 3107 3142 2534 2246 2122 2690 3111 4048 4334 4018 3287 3051 3143 3536 4741 6379 6919 7963 8053 8274 7623 6693 5898 4735 3158 1512 825 635 455 332 322 472 1030 780 549 494 449 414 467 516 550 660 2310 4325 5070 5590 6278 6887 6706 4314 1742 1335 1062 847 793 1180 2831 4148 4811 5227 5414 5374 5005 4622 4672 4648 4722 4914 4984 4745 4760 4683 4296
4200 4596 4131 4017 3863 3696 3083 1257 380 400 427 654 1450 1608 1999 1961 2388 2910 4164 4511 4265 3638 3214 2296 2602 4698 6643 7223 9250 9406 8482 7545 6385 4723 3469 1770 932 579 331 151 154 187 249 452 475 475 440 410 393 452 460 514 594 1769 4159 4760 5199 5743 6089 6903 4603 2066 1441 1173 827 672 670 1532 3584 4227 4568 4887 4855 4733 4572 4529 4421 4572 4697 4904 4704 4183 4156 3696
4725 4632 4493 4110 4028 3860 3358 2510 1025 508 504 529 644 954 1864 2355 2552 3119 4398 4754 4437 4064 3657 3412 2642 4071 6390 9727 10109 9602 8823 7741 5967 4280 2909 1780 953 279 175 161 158 192 262 327 453 485 549 652 705 744 448 569 743 1441 3649 4477 4873 5177 5566 6997 6668 2717 1853 1243 903 608 545 644 1376 3083 3971 4285 4430 4446 4431 4342 4308 4390 4700 4839 4514 3758 3517 2930
4922 4373 3984 3928 3487 3626 3387 3081 2579 2021 1492 582 406 573 1177 2239 2768 3338 4737 5077 5088 4627 4327 4347 4600 5501 8754 12962 11807 11241 10429 7857 6621 4508 3288 2310 1000 410 206 200 222 263 382 447 565 826 901 974 977 1040 774 724 771 993 1897 3775 4292 4745 5396 5978 7192 6179 2249 1450 925 622 555 646 721 1107 2493 3425 3858 3988 3876 3847 3903 4140 4449 4099 3510 2839 2601 2445
5125 3881 2654 3010 2639 2822 2377 2402 2161 1997 1660 1430 479 577 912 1109 2563 3185 4530 5301 5717 5434 5057 4916 5171 8624 15628 14776 14937 14112 12856 11114 8519 5631 4311 2952 1750 1063 692 628 740 792 787 784 915 1023 1174 1192 1105 1073 709 652 655 740 862 1565 3450 4058 4797 5470 5717 5731 4344 1695 975 763 762 744 812 915 1037 2145 3414 3530 3324 2265 2382 3023 3107 2643 2208 2051 2107 2013
5201 4118 3163 2860 2000 2056 890 921 1446 1809 1727 1413 509 621 885 1129 1312 1575 3577 4678 5384 5512 5576 7076 13399 12382 11935 13204 13751 13585 12700 11634 10177 7703 5002 4167 3436 2696 2349 1910 2426 2053 2440 2214 1108 1202 1243 1292 1179 1061 631 552 548 622 740 793 1537 3406 4141 4797 5088 4919 3052 1509 979 1550 1119 1054 991 1003 958 2671 3498 3785 2907 1884 1913 1988 1854 1701 1460 1532 1602 1650
5338 4525 4032 3698 3284 2808 1832 1498 1252 1865 1764 1165 591 672 894 1083 1272 1553 1776 3055 3963 6548 11716 9756 10008 10390 10506 10331 10101 9786 11233 10720 9877 8976 8659 7560 6056 5146 4377 3425 3123 2615 2240 2197 2622 2427 1633 1730 1462 1135 788 644 571 608 621 712 1206 2972 3849 4496 4814 4768 2905 1697 2291 3586 3265 2034 1884 1566 2507 3474 3734 4026 3971 2094 1894 1543 1398 1254 1139 1219 1395 1419
5254 4635 4192 3843 3481 3072 2534 2167 2005 1915 1722 1010 570 638 850 914 1165 1418 1614 2754 5263 7268 8654 9195 9478 9566 9383 8952 8432 7946 7556 7294 7530 7448 7566 7203 6314 5450 4697 3890 3107 2423 1994 1946 2217 3882 4290 4973 1976 1558 1104 796 686 679 597 727 959 2738 3724 4383 4669 4550 4216 3003 3028 4196 4249 4093 3676 3282 3243 3526 3811 4263 4192 2945 2432 1708 1455 1251 1143 1134 1152 1253
5452 4689 4208 3812 3396 2961 2512 2249 2143 2072 1634 935 506 396 513 636 777 892 2616 3944 5796 6903 8131 8362 8280 8167 7704 7180 6836 6241 5763 5434 5222 4882 4913 5023 5101 4486 3838 3067 2197 1716 1532 1660 2122 3105 4161 4800 5243 4911 2949 1349 1098 735 669 675 773 1996 3416 4050 4203 4517 4493 4429 4368 4398 4268 3730 3520 3148 3343 3538 4023 4510 4515 3090 2473 1850 1592 1381 1277 1172 1177 1176
5517 4728 4119 3805 3356 2879 2547 2326 2256 2051 1641 786 473 385 418 546 632 504 543 3998 5461 6092 6681 6997 6721 6333 5836 5283 4899 4431 4104 3770 3730 3757 3646 3485 2945 2794 2606 2138 1563 1319 1204 1310 1828 2324 3190 3801 4639 4620 4908 4445 2263 1221 704 726 709 1245 2872 3563 3850 4194 4412 4372 4114 3953 3778 3565 3182 3156 3268 3627 4205 4784 4368 2896 2195 1954 1850 1617 1497 1461 1292 1162
5681 4854 4180 3804 3347 2931 2612 2453 2462 2138 1547 774 499 404 394 421 461 505 553 2992 5036 5399 5713 5459 5052 4772 4393 3861 3473 3171 2868 2709 2620 2439 2384 2183 2259 2159 1927 1601 1188 1067 986 1074 1359 1852 2415 3005 3323 3678 4357 4536 4687 2446 1030 711 694 812 2320 3065 3549 3815 3994 3790 3653 3586 3365 3162 2986 3106 3344 3809 4389 4886 4573 2778 2172 1872 1940 1849 1783 1677 1507 1265
5914 5099 4444 3969 3564 3179 2817 2677 2546 2269 1548 717 476 420 423 424 467 509 578 2516 4692 5021 5214 4375 4134 3763 3419 2904 2806 2348 2035 1838 1680 1595 1500 1427 1409 1423 1182 1008 875 829 818 868 1035 1380 1762 2199 2641 2911 3408 3785 4189 3880 1393 793 711 682 1273 2722 3189 3555 3511 3378 3140 3011 2791 2888 3019 2690 2984 3956 4409 4701 4747 2828 2370 2154 2219 2116 1940 1767 1453 1217
6325 5708 4895 4447 3920 3514 3135 2892 2678 2135 1315 612 507 484 518 588 571 567 600 2809 5560 5948 5603 4821 3227 2622 2450 2528 2633 2136 1837 1383 1020 877 837 940 1118 1032 907 800 723 663 614 652 896 1113 1374 1627 1827 2047 2392 2933 3312 3820 2252 895 714 692 881 2460 2805 2975 3010 2975 2817 2749 2663 2959 3042 2965 3364 3751 4428 5123 5521 3440 2741 2515 2497 2255 1920 1572 1352 1132
6670 6224 5679 5106 4463 3861 3474 2982 2631 1894 1120 612 555 604 599 667 704 713 837 3534 5367 5460 4882 3954 3108 2623 2242 2690 2814 2426 2243 1769 972 683 690 713 780 904 873 656 645 564 574 595 687 929 1064 1258 1358 1590 1774 1961 2453 3147 3196 1537 931 890 964 2155 2359 2577 2504 2378 2517 2753 2876 3167 3520 3792 4293 4186 4954 5869 6224 4526 3596 3210 2583 2148 1705 1466 1229 1156
7262 6965 6306 5830 5262 4409 3829 3161 2564 1894 1261 756 700 732 722 711 741 809 1536 3735 5316 5387 4300 3876 3077 3170 3707 3619 3241 3064 2665 1899 1252 715 598 588 625 706 902 880 726 592 593 613 715 772 912 1002 1093 1138 1322 1588 1786 2355 3427 3224 1741 1469 1219 1835 1940 2007 2050 2266 2498 2609 2964 3349 3865 4417 4978 5505 6154 7328 7699 5611 4430 3675 2662 2144 1746 1478 1371 1165
10821 8183 7293 6668 6235 5363 4390 3391 2786 2179 1604 1058 963 940 847 824 825 859 1771 3565 4670 5146 4760 4641 4906 5097 4723 4306 3899 3209 2621 1791 1218 823 510 493 521 616 792 1008 971 949 856 768 776 779 785 886 913 945 1091 1229 1479 1887 2823 3226 2739 2190 1638 1437 1501 1709 1918 2181 2363 2563 2990 3492 4220 4726 5384 6097 7212 8192 9137 7030 5256 4295 2944 2442 1971 1671 1504 1322
17314 11418 8950 7469 6953 6272 5266 4215 3515 3072 2410 2151 2042 1939 1623 1325 1363 1994 2891 3387 4692 5286 6425 6690 6281 5946 5454 4650 3817 3013 2484 1649 1276 835 466 489 519 579 656 750 1008 1091 1092 1156 1098 875 803 800 845 900 938 1091 1238 1436 1912 2071 2144 1616 1288 1412 1450 1602 1849 2043 1937 2644 3015 3676 4414 5101 6036 6676 7287 8057 9648 8589 5702 4427 3236 2731 2196 1895 1595 1224
13799 16894 11266 8486 7486 6747 6064 5340 5054 4840 4666 4586 4488 4538 4293 3727 3431 3776 4143 4064 5306 6607 7723 7583 7109 7020 6405 5365 4249 3227 2365 1811 1429 970 671 520 531 565 609 661 743 753 1007 1211 1323 1173 886 803 804 844 901 956 1081 1194 1325 1311 1267 1200 1310 1451 1586 1682 2045 2434 2157 2572 2927 3327 3976 4864 6201 6886 7292 8065 9729 9725 6582 4470 3590 3056 2769 2130 1702 1333
12602 12087 13302 9630 8301 7737 7024 6269 6060 6028 5945 5867 5921 6000 6067 5875 5843 5864 5666 5951 7427 8573 8502 8083 8558 7615 6340 5264 4422 3506 2541 1928 1492 1263 957 728 534 547 570 602 655 677 748 905 1241 1211 1145 929 896 864 900 944 999 1025 1054 1011 1026 1074 1213 1427 1651 2044 2456 2475 2621 3020 3408 3142 3398 3996 4828 6453 7212 7968 9610 9165 6081 5075 4162 3617 3080 2471 1811 1672
11147 10142 13402 10841 9297 8659 7877 7427 7096 7038 7003 6979 6952 6901 6999 6924 6885 6891 7190 10005 10100 9751 9157 10220 8661 7035 5870 4863 3873 3196 2403 1813 1594 1450 1265 1086 665 522 551 554 581 631 660 774 843 1054 1102 991 956 942 925 945 986 999 1048 1028 1048 1090 1267 1478 1743 2278 2779 2925 3349 3786 4032 3732 3060 3163 3866 5488 7207 8237 10800 9921 7431 5895 4621 4113 3335 2801 2401 2231
