Visibility/Code off linux servers/count_arctan/results.asc
ncols         391
nrows         472
xllcorner     271845
yllcorner     3875415
cellsize      30
NODATA_value  -9999
[rows 407 to 443 of 472, columns 84 to 167 of 391]
2496 2386 2322 2300 2259 2240 2238 2204 2189 2253 2284 2351 2232 2200 2192 2124 2077 2021 1949 1792 1654 1575 1543 1571 1686 1806 1932 2146 2331 2602 2734 2937 3081 3244 3355 3335 3494 3432 3599 4046 4465 4509 4224 4134 4007 3498 3614 3484 3338 2925 2680 2640 2923 3314 2790 1360 701 1082 2120 2586 2809 2883 3015 2852 2504 2526 2286 2081 1860 1633 1347 1087 818 759 550 609 702 785 919 1031 1126 1368 1880 2608
2498 2381 2260 2168 2126 2108 2093 2204 2175 2265 2278 2350 2290 2309 2341 2265 2194 2113 1933 1753 1531 1480 1532 1611 1759 1927 2110 2346 2569 2786 2972 3149 3247 3372 3397 3483 3378 3360 3628 3950 4181 3890 3396 3347 3210 3235 3509 3446 3200 3019 2953 3150 3267 3329 3168 2525 1907 2191 2594 2704 2878 2961 2881 2972 2883 2798 2581 2291 2011 1749 1512 1222 961 940 666 597 690 801 901 1026 1346 1858 2317 2712
2456 2344 2258 2174 2146 2088 2129 2190 2208 2263 2258 2362 2395 2423 2480 2384 2426 2254 1984 1639 1500 1504 1492 1566 1719 1965 2140 2336 2564 2722 2984 3094 3230 3289 3257 3225 3337 3357 3389 3524 3490 3292 3220 3127 3005 3033 3204 3160 2851 2594 2542 2526 2652 2632 2579 2372 2247 2445 2621 2756 2914 2952 2887 3401 3403 2993 2770 2376 2139 1868 1653 1397 1245 965 818 644 679 773 904 1417 1920 2261 2517 2660
2362 2237 2139 2046 2096 2111 2175 2204 2219 2255 2260 2334 2434 2539 2622 2531 2451 2276 1984 1702 1528 1540 1532 1584 1699 1877 2060 2240 2493 2715 2965 3111 3167 3151 3028 3021 3113 3186 3337 3432 3319 3314 3312 3205 3030 2925 3025 2909 2596 2066 1678 1577 1602 1528 1600 1808 2093 2424 2655 2848 2949 3053 3069 3705 3654 3117 2798 2400 2183 1947 1767 1459 1236 1106 901 653 618 728 1019 1600 2010 2267 2337 2331
1990 2027 1935 2048 2042 2074 2135 2193 2239 2282 2332 2426 2487 2553 2681 2508 2401 2232 1918 1640 1653 1609 1608 1591 1713 1875 2025 2210 2468 2625 2858 2917 3000 2919 2893 2882 2932 3030 3186 3269 3297 3304 3343 3214 3129 3045 3003 2861 2390 1633 1144 900 758 736 1014 1449 1955 2377 2675 2808 3062 3063 3274 4019 3837 3161 2811 2482 2297 2059 1879 1657 1457 1224 994 729 598 658 950 1503 1892 2010 2031 2025
2103 2056 2097 2059 2081 2080 2154 2222 2264 2312 2380 2465 2515 2670 2698 2568 2382 2167 1960 1672 1632 1588 1543 1605 1708 1848 1955 2181 2339 2597 2766 2855 2887 2781 2781 2845 2923 2950 3111 3110 3198 3265 3255 3203 3211 3078 3125 2851 2354 1526 1084 819 627 558 742 1361 1920 2356 2691 2991 3144 3307 3608 4138 3872 3209 2769 2427 2193 1993 1811 1641 1443 1249 1055 762 591 626 906 1403 1776 1891 1902 1803
2256 2169 2191 2130 2130 2160 2210 2273 2310 2367 2468 2565 2604 2702 2837 2673 2586 2400 2057 1797 1526 1554 1553 1629 1772 1842 2018 2177 2283 2466 2681 2794 2752 2688 2708 2702 2810 2867 2983 3042 3066 3108 3118 3172 3198 3128 3095 2860 2553 1630 1101 851 676 567 661 1320 1928 2406 2789 3033 3205 3351 3828 4502 3971 3102 2689 2307 2097 1954 1766 1570 1351 1233 1015 816 595 619 857 1370 1681 1770 1754 1721
2347 2281 2213 2219 2265 2282 2300 2361 2364 2435 2511 2642 2678 2806 3000 2800 2671 2510 2185 1883 1599 1506 1498 1601 1752 1878 1938 1998 2217 2438 2593 2659 2637 2548 2607 2648 2726 2847 2922 2979 2974 3039 3044 3092 3138 3096 3066 2887 2767 2129 1259 986 719 602 678 1288 1880 2382 2714 2957 3153 3337 3974 4480 4187 3094 2544 2212 2033 1900 1711 1447 1290 1144 1008 851 670 663 937 1336 1552 1696 1662 1670
2428 2360 2316 2342 2361 2381 2364 2413 2434 2497 2587 2710 2774 3039 3210 3088 2884 2605 2308 1955 1653 1474 1447 1564 1755 1766 1910 1936 2158 2289 2469 2644 2666 2607 2587 2638 2703 2799 2872 2851 2900 2960 3014 3100 3155 3067 3072 2962 2847 2443 1547 1101 884 703 775 1224 1792 2194 2555 2863 3073 3228 3989 4237 4381 2983 2426 2143 1978 1779 1629 1381 1219 1089 909 774 625 634 807 1125 1335 1565 1592 1615
2577 2509 2483 2466 2477 2449 2444 2435 2484 2521 2653 2797 2973 3219 3380 3281 2963 2698 2401 2039 1719 1456 1471 1537 1598 1808 1879 1978 2094 2282 2495 2592 2681 2561 2603 2645 2674 2776 2798 2788 2848 2919 3023 3068 3147 3137 3117 2937 2922 2561 1771 1216 974 831 879 1199 1585 2002 2348 2678 2914 3075 3552 3980 4082 3055 2311 2107 1902 1715 1535 1344 1161 992 859 685 587 557 706 966 1200 1288 1466 1559
2760 2695 2640 2604 2587 2564 2517 2522 2527 2588 2738 2898 3287 3573 3495 3152 2927 2718 2438 2111 1780 1585 1467 1498 1633 1698 1821 1967 2048 2267 2422 2554 2538 2474 2552 2683 2643 2751 2783 2800 2883 2917 3007 3088 3122 3146 3109 3103 2905 2591 1891 1273 1006 865 824 1058 1408 1789 2090 2510 2743 2907 3158 3628 3896 3062 2222 1982 1799 1640 1469 1302 1151 976 768 654 523 567 611 779 1014 1208 1329 1491
2957 2884 2813 2736 2697 2674 2586 2614 2610 2691 2791 3090 3320 3440 3204 2854 2717 2568 2329 2060 1811 1613 1478 1466 1624 1767 1909 1950 2129 2268 2351 2379 2419 2460 2538 2688 2847 2948 2977 2978 2955 3015 3041 3091 3162 3224 3192 3178 2978 2693 2085 1351 1078 926 858 909 1224 1578 1913 2237 2535 2724 2917 3212 3567 2974 2349 1923 1741 1578 1436 1262 1107 970 786 619 565 559 652 780 1012 1270 1395 1460
3121 3044 2961 2852 2760 2712 2698 2721 2750 2777 2934 3109 3502 3230 2970 2788 2538 2256 2210 2025 1815 1636 1513 1453 1582 1773 1797 1921 1979 2126 2155 2258 2278 2354 2526 2760 2911 3097 3149 3050 3019 3004 3067 3135 3158 3262 3219 3325 3196 2800 2231 1521 1187 962 845 873 1101 1322 1613 1978 2339 2595 2784 2923 3165 2952 2370 1940 1700 1595 1434 1257 1100 940 771 623 585 603 693 829 1095 1264 1467 1477
3296 3187 3064 2970 2843 2832 2822 2910 2944 2912 2964 3332 3236 2949 2686 2574 2462 2273 2162 2028 1816 1697 1645 1502 1572 1603 1740 1748 1889 2002 2006 2105 2189 2349 2623 2802 2930 3035 3160 3058 2954 2994 3079 3179 3243 3264 3324 3282 3235 2887 2359 1621 1275 1101 985 927 1005 1135 1348 1690 2150 2475 2728 2877 3021 2993 2448 2036 1759 1562 1426 1269 1142 960 773 643 585 572 664 929 1170 1409 1604 1566
3420 3248 3139 3066 2946 2950 3041 3122 3074 3070 3206 3236 2920 2648 2361 2316 2243 2232 2133 1965 1804 1701 1604 1578 1597 1579 1508 1664 1832 1874 1928 2029 2204 2451 2660 2790 3003 3086 3220 3169 2945 2925 3079 3144 3210 3243 3310 3330 3314 3000 2325 1852 1359 1175 1041 1005 1000 1038 1189 1512 1967 2372 2672 2871 2995 3232 2519 2121 1864 1694 1543 1348 1220 1044 839 688 597 647 790 1021 1388 1615 1749 1871
3707 3317 3211 3123 3092 3115 3261 3290 3227 3000 3044 2882 2657 2481 2383 2351 2323 2244 2169 2017 1840 1703 1579 1587 1419 1296 1324 1499 1696 1780 1854 2024 2328 2632 2915 3166 3405 3615 3635 3469 3237 3164 3225 3173 3191 3342 3300 3283 3164 3021 2560 2095 1480 1288 1120 1031 1002 1011 1154 1458 1980 2411 2750 2896 3018 3419 3119 2326 2124 1804 1665 1507 1370 1190 991 807 628 653 758 922 1296 1714 2042 2080
2779 3392 3232 3219 3263 3271 3427 3481 3411 3258 3237 3119 2912 2762 2588 2444 2360 2246 2142 1989 1832 1732 1555 1549 1361 1083 1212 1390 1508 1601 1679 1845 2066 2306 2643 2922 3170 3411 3561 3466 3372 3368 3421 3305 3304 3341 3369 3336 3337 3214 2731 2236 1663 1345 1203 1097 1002 1123 1258 1607 2126 2518 2798 3012 3153 3308 3538 2897 2480 2089 1844 1701 1529 1366 1167 930 639 588 700 865 1181 1725 2062 2134
2021 2240 3180 3311 3511 3570 3663 3730 3733 3604 3596 3496 3293 2901 2644 2455 2283 2222 2087 1933 1828 1754 1636 1562 1444 1246 1333 1481 1442 1447 1498 1567 1735 1931 2072 2106 2238 2284 2393 2443 2628 2788 2937 2954 3141 3383 3441 3464 3504 3484 3000 2518 1781 1371 1210 1082 1050 1129 1271 1591 2070 2496 2804 3039 3182 3293 3876 3474 2900 2434 2169 1988 1807 1582 1299 1029 678 600 703 878 1196 1585 1973 2060
1634 1913 2510 3475 3681 3831 4018 4236 4050 3806 3626 3562 3197 2777 2494 2429 2262 2175 2065 1986 1890 1832 1724 1623 1536 1487 1492 1523 1489 1389 1309 1388 1552 1718 1797 1821 1879 1928 2013 2154 2324 2557 2770 2975 3177 3461 3576 3684 3673 3721 3288 2591 1774 1444 1241 1040 940 968 1041 1337 1848 2253 2615 2896 3101 3240 3362 3895 3465 2924 2607 2307 2033 1702 1390 1056 847 684 700 898 1207 1611 1970 1992
1208 1459 1977 2438 3309 3406 3510 3064 3406 3418 3403 3288 3215 2844 2546 2421 2321 2178 2059 2017 1939 1958 1830 1722 1644 1589 1628 1665 1580 1346 1283 1288 1439 1566 1673 1756 1827 1904 2054 2206 2373 2573 2793 3045 3228 3554 3716 3764 3708 3672 3400 2930 2138 1572 1308 1092 957 875 970 1234 1669 2122 2515 2790 3010 3192 3328 3476 3715 3483 3006 2546 2090 1777 1369 1057 742 661 695 901 1202 1684 1901 1955
1150 1424 1873 2439 2685 2921 2946 2923 2877 2885 3353 3243 3170 2980 2703 2415 2347 2185 2095 2047 2040 2039 1958 1817 1742 1671 1641 1692 1585 1436 1255 1246 1365 1496 1597 1706 1804 1940 2088 2266 2429 2615 2833 3074 3267 3527 3755 3824 3678 3740 3623 3146 2465 1778 1436 1144 927 809 845 1064 1552 2010 2387 2713 2996 3158 3330 3328 3670 3617 3018 2493 2158 1771 1448 1109 783 592 687 928 1273 1660 1923 2153
1296 1632 1889 2046 2181 2356 2479 2530 2610 2638 2727 3255 3177 3055 2747 2522 2355 2232 2217 2183 2164 2121 2080 1987 1914 1794 1701 1722 1630 1468 1305 1219 1306 1447 1561 1714 1830 1987 2094 2275 2462 2649 2900 3132 3332 3541 3770 3657 3611 3621 3360 3390 2717 2104 1552 1249 970 832 809 917 1358 1869 2306 2646 2932 3192 3322 3300 3738 3692 2850 2490 2107 1868 1488 1171 885 717 698 835 1187 1784 2158 2314
1449 1692 1833 1909 1910 1915 2019 2086 2220 2356 2743 3381 3447 3159 3019 2713 2507 2413 2374 2363 2338 2269 2242 2208 2086 1942 1787 1765 1697 1602 1361 1286 1311 1425 1545 1716 1883 2038 2185 2320 2479 2681 2922 3080 3284 3511 3568 3423 3462 3471 3290 3160 2833 2461 1693 1217 980 854 826 902 1337 1794 2215 2630 2889 3137 3303 3284 3480 3695 3206 2603 2185 1774 1512 1191 891 630 612 797 1150 1810 2180 2410
1591 1774 1796 1724 1618 1644 1644 1651 1752 2080 2500 3345 3517 3365 3129 2900 2739 2630 2621 2563 2512 2464 2427 2367 2321 2202 2027 1926 1912 1731 1547 1353 1345 1425 1575 1758 1921 2103 2238 2357 2520 2663 2846 3091 3223 3373 3405 3332 3309 3337 3200 3071 2929 2493 2027 1358 1050 920 881 961 1303 1820 2229 2570 2908 3127 3333 3348 3431 3837 3102 2629 2139 1734 1334 1015 681 545 641 791 972 1502 2280 2437
1840 1765 1742 1522 1394 1283 1285 1291 1395 1788 2354 3195 3517 3502 3352 3122 2986 2907 2796 2732 2704 2613 2563 2570 2490 2403 2292 2146 1984 1793 1623 1462 1411 1470 1638 1813 1997 2154 2285 2365 2526 2642 2831 2997 3113 3201 3204 3135 3121 3107 3057 3019 2956 2650 2063 1478 1171 1035 966 1022 1299 1837 2212 2496 2880 3154 3343 3406 3471 3760 3176 2557 2002 1688 1316 985 581 508 679 828 1031 1390 2174 2593
1900 1754 1602 1364 1199 1155 1185 1200 1250 1359 1935 2481 3367 3571 3509 3412 3312 3139 3017 2933 2839 2750 2745 2747 2682 2629 2458 2304 1987 1744 1567 1503 1460 1504 1652 1855 2007 2177 2305 2429 2502 2628 2745 2883 3000 3034 3076 3028 3030 3001 3050 3021 2957 2728 2234 1741 1363 1162 1093 1097 1371 1796 2187 2528 2892 3151 3320 3389 3737 3835 3172 2585 2173 1815 1496 1167 743 604 696 771 997 1270 1871 2566
1950 1757 1475 1197 1095 1089 1123 1169 1213 1303 1684 2247 3085 3859 3764 3660 3576 3435 3198 3062 2978 2911 2920 2816 2781 2651 2442 2228 2021 1696 1533 1534 1481 1511 1675 1830 2043 2178 2337 2400 2530 2636 2700 2803 2877 2983 3007 3027 2993 2985 2951 2946 2968 2782 2499 1993 1650 1463 1328 1291 1458 1835 2261 2560 2839 3140 3306 3413 3676 3575 3127 2746 2366 2055 1801 1487 1029 808 766 796 1012 1234 1769 2674
1879 1701 1342 1112 1004 1039 1060 1122 1191 1276 1396 1887 2558 3944 4109 3926 3788 3581 3442 3257 3162 3065 3025 2923 2869 2700 2474 2233 1929 1827 1608 1579 1533 1556 1653 1804 1978 2115 2264 2324 2408 2525 2662 2736 2816 2953 2960 3008 2964 2929 2956 2948 2982 2963 2747 2407 2034 1831 1623 1480 1608 1960 2328 2570 2855 3114 3304 3312 3655 3209 2863 2753 2359 2194 1967 1626 1208 895 861 892 1042 1260 1771 2384
1832 1690 1348 1107 986 984 1033 1087 1166 1259 1330 1591 2119 3245 4279 4226 3912 3831 3589 3427 3307 3209 3105 3014 2938 2822 2583 2357 2209 1988 1852 1726 1609 1622 1702 1814 1938 2126 2198 2253 2282 2372 2540 2676 2753 2860 2913 2959 2985 2908 2928 2975 3046 3003 2797 2734 2450 2178 1994 1864 1907 2109 2406 2642 2930 3148 3310 3362 3498 3093 2730 2489 2347 2123 1847 1623 1152 908 900 975 1144 1357 1807 2510
1722 1658 1361 1094 970 964 1009 1083 1160 1256 1321 1407 1655 2302 3609 4376 4431 4129 3834 3681 3436 3413 3298 3250 3184 2931 2741 2510 2270 2144 2013 1904 1739 1682 1747 1808 1910 2044 2088 2176 2205 2322 2394 2547 2675 2775 2868 2858 2917 2932 2912 3025 3080 3088 2983 2779 2751 2488 2263 2114 2118 2332 2543 2774 2990 3162 3293 3404 3372 2715 2562 2190 2129 2011 1727 1363 948 883 853 1049 1242 1439 1838 2357
1623 1553 1301 1030 971 961 990 1070 1161 1255 1344 1438 1512 1879 2638 3082 3778 4383 4226 3867 3767 3674 3655 3583 3433 3197 2862 2544 2365 2221 2116 1974 1854 1801 1823 1826 1883 1916 1973 2088 2155 2283 2397 2517 2598 2649 2769 2842 2914 2982 2967 3045 3095 3058 3058 2973 2920 2664 2456 2304 2419 2587 2745 2969 3116 3235 3302 3472 3159 2651 2490 2092 1918 1765 1580 1262 899 801 930 1105 1189 1522 1697 2327
1513 1454 1324 1046 959 960 989 1057 1137 1244 1376 1484 1639 1775 1947 2488 2853 2915 2912 3447 3525 3820 3856 3656 3458 3147 2831 2625 2472 2363 2178 2143 2005 1958 1905 1810 1753 1858 1897 2030 2161 2307 2360 2415 2450 2571 2692 2809 2951 3034 3065 3099 3108 3151 3095 2895 2746 2622 2614 2573 2645 2830 2970 3075 3181 3252 3322 3459 3263 2615 2315 2004 1779 1594 1402 1147 883 903 959 1137 1266 1455 1701 1999
1339 1352 1252 1054 967 948 986 1043 1135 1258 1443 1572 1627 1680 1712 1813 1969 2401 2547 2485 2435 2438 2499 2624 2530 2625 2681 2533 2493 2370 2386 2332 2233 2170 2037 1923 1760 1769 1927 2089 2245 2241 2259 2306 2346 2481 2667 2838 3016 3046 3036 3050 3092 3096 3079 3001 2831 2680 2663 2784 2872 2976 3145 3218 3281 3371 3420 3619 3327 2974 2383 1940 1681 1516 1235 966 928 947 956 1122 1212 1282 1537 1894
1254 1253 1159 1043 960 959 975 1042 1140 1294 1520 1585 1583 1531 1553 1637 1730 1815 2008 2134 2159 2215 2263 2231 2120 2320 2547 2485 2459 2339 2414 2391 2440 2334 2203 2053 1864 1776 1904 2084 2210 2167 2184 2194 2301 2516 2714 2908 3042 3013 2849 2850 2907 2937 3000 2930 2807 2739 2806 2919 2986 3084 3167 3257 3317 3385 3480 3860 3606 3317 2594 2100 1739 1493 1271 1103 993 957 1015 1094 1159 1334 1465 1702
1271 1253 1223 1146 1090 972 957 1030 1184 1390 1545 1539 1445 1374 1386 1496 1616 1659 1746 1742 1801 1905 2024 2107 2078 2105 2295 2338 2383 2330 2231 2390 2535 2511 2414 2170 2035 1870 1931 2122 2200 2100 2151 2243 2387 2570 2744 2913 2937 2855 2675 2673 2750 2893 2967 2964 2919 2942 3034 3069 3109 3145 3238 3322 3418 3456 3515 4006 4026 3530 2887 2205 1946 1677 1470 1319 1047 1036 1008 1035 1083 1155 1457 1667
1439 1426 1411 1366 1263 1136 1041 1111 1249 1388 1462 1409 1337 1250 1297 1420 1491 1545 1606 1638 1674 1689 1835 1928 1962 2014 1995 2209 2139 2137 2206 2368 2617 2651 2583 2398 2151 2074 1990 2126 2117 2116 2192 2286 2418 2561 2742 2835 2713 2557 2547 2605 2705 2849 2933 2988 2992 3233 3366 3398 3435 3395 3417 3474 3527 3585 3947 4282 4310 3877 2826 2356 1975 1733 1532 1415 1127 1053 1034 1054 1124 1149 1270 1499
1601 1642 1692 1708 1609 1399 1273 1209 1291 1381 1375 1345 1290 1213 1227 1336 1387 1456 1518 1575 1582 1599 1710 1763 1836 1893 1922 2177 2223 2205 2196 2579 2705 2732 2624 2423 2326 2225 2110 2083 2082 2074 2190 2315 2425 2541 2683 2643 2518 2471 2510 2619 2682 2827 2906 3025 3147 3407 3628 3640 3670 3709 3740 3761 3770 3777 4338 4682 4625 4033 2963 2378 1912 1643 1484 1275 1068 1058 1037 1038 1049 1057 1146 1376
