gridcompare/merge_qsort_arctan_results.asc
ncols         391
nrows         472
xllcorner     271845
yllcorner     3875415
cellsize      30
NODATA_value  -9999
[rows 259 to 295 of 472, columns 168 to 251 of 391]
6057 5535 5443 5287 4999 4909 4870 5001 5306 5851 6550 7421 10480 11523 10479 10168 6655 6905 7870 7975 7796 7873 7577 7686 7447 7177 6683 5901 4826 4727 5007 5831 6276 7230 7738 6497 4954 4107 3658 3104 2742 2265 2028 1951 2122 2302 2130 1839 1987 2679 3207 3769 4433 5567 6503 7532 8310 9010 8868 8324 7598 7873 8139 8577 8911 9081 8934 8863 8969 9104 9307 9961 10574 11741 12969 13545 14442 15896 17069 17638 18037 18885 17642 13748
6237 5784 5775 5163 5036 4944 5012 5331 5538 5945 7661 11770 12530 9636 5785 5430 5161 5458 5398 5450 5720 7112 6551 6442 5384 5175 4861 4152 3933 3894 3896 4786 5619 5393 5190 5220 4254 3561 3144 2581 2178 1930 1912 2066 2282 2321 2308 2052 2227 2811 3178 3730 4447 5391 6268 7166 7943 8875 9441 9424 8468 8260 8189 9514 10812 10304 10612 10978 10667 10585 10883 10520 11134 11555 13001 14010 15005 16592 18393 19203 19401 17814 13597 12357
6914 6370 6008 4986 4874 5057 5355 5430 5725 6530 10968 10424 7685 6119 5052 4867 4508 4385 4437 4473 4720 5042 4979 4799 4486 4136 3945 3727 3560 3526 3650 4058 4524 4669 4608 4336 3941 3069 2689 2192 1879 1769 1938 2312 2641 2813 2880 3161 2857 3382 3822 4429 4955 5458 6107 6989 7858 8630 9742 10352 10743 10735 9730 10047 11420 11683 12598 12296 12498 12325 11698 11638 11262 12239 13367 14393 15813 18540 19446 21893 18692 14658 13015 9889
7876 7345 6126 5114 4970 5135 5616 5977 7989 11353 11366 7634 6286 5618 4904 4523 4060 4028 4081 4197 4297 4485 4478 4162 3890 3580 3385 3147 3118 3110 3371 3833 4009 4069 3891 3465 3672 2775 2187 1948 1750 1742 2185 2414 2853 3232 3567 3873 3871 4075 4694 5112 5405 5722 6117 6793 7844 8646 9293 10071 11136 11929 11892 11573 12204 12772 14230 14036 14020 13715 13096 12538 12028 12901 13810 13974 14355 18846 21736 19633 16215 13840 11445 10039
8667 9241 6993 5942 5330 5789 6484 7882 11440 11515 8084 6032 5932 4638 4494 4129 3749 3619 3625 3742 3947 3978 3754 3512 3203 2947 2733 2693 2647 2792 3127 3445 3488 3476 3198 3006 3055 2406 1980 1798 1802 2076 2223 2431 2814 3406 3865 4449 4771 4811 5277 5723 5953 6278 6617 6759 7574 8577 9257 9984 10452 11165 12256 12178 12357 12840 13934 14567 15579 14713 14315 13926 13172 13660 14427 15196 15464 19592 21485 16441 14456 13217 10841 9445
9334 10757 10487 7562 6627 7629 10141 12408 11786 8250 7114 6032 5550 4272 4020 3710 3356 3239 3229 3305 3306 3235 2958 2758 2543 2404 2266 2259 2342 2482 2826 3063 3097 2882 2818 2604 2412 2206 1995 1813 2097 2181 2187 2412 2754 3215 3989 4773 5190 5687 6130 6410 6472 6110 6730 6744 7517 8485 9261 9894 10504 10961 11650 13286 13333 13934 14676 14435 16526 16960 16062 15093 14144 14535 15179 15905 19077 20547 18297 14435 13791 12153 10350 9133
7658 8562 9537 8798 10867 11955 13445 14017 9507 7673 6311 5552 5102 4519 3547 3297 3061 2779 2653 2598 2623 2519 2297 2080 2002 1996 2019 2113 2201 2372 2601 2750 2739 2564 2396 2224 2061 1921 1869 2078 2114 2217 2247 2398 2697 3210 3971 4697 5595 6301 6864 7325 7199 6525 6629 7107 7789 8812 9396 9934 10567 11232 11903 12421 12772 12862 14866 12821 15991 17438 17672 16454 15547 15279 15919 19364 20866 17751 15370 13940 12355 11607 9875 8818
6755 7495 8734 9458 11614 12275 12129 9700 8213 7163 6152 5056 4611 4171 3184 2762 2355 2206 2031 2014 1994 1860 1763 1716 1698 1680 1799 1948 2065 2175 2370 2460 2386 2137 2041 1916 1779 1852 2032 2154 2239 2338 2399 2508 2809 3382 4172 4924 5681 6862 7620 8055 8428 8216 7015 6931 8386 8983 9474 10141 10689 11326 11904 12474 12874 13245 13028 12809 13418 17128 18681 18554 17579 16426 19732 20566 20126 18625 16593 14476 13044 11481 10134 9611
6645 7971 9140 9190 8480 8261 7357 7762 6928 6326 5550 4709 4147 3494 2705 2226 1888 1733 1699 1628 1586 1525 1451 1406 1406 1488 1624 1755 1867 1953 2098 2148 2048 1905 1705 1787 1828 1972 2045 2203 2408 2509 2587 2659 2947 3440 4233 5020 6038 6833 7656 8310 8830 9150 9064 8458 8656 9303 9798 10368 10805 11126 11560 12096 12791 13073 12784 12211 13356 14596 19263 19465 18801 19559 21726 20649 20263 20162 17415 15522 14124 12719 10840 9901
6619 8459 9395 7847 6844 7182 6385 6646 6012 5206 4672 4006 3416 2626 2192 1871 1590 1504 1450 1434 1365 1270 1221 1186 1168 1259 1419 1575 1645 1724 1880 1847 1807 1726 1681 1722 1918 2005 2038 2189 2415 2647 2811 2883 3008 3455 4184 5152 5984 6734 7326 7927 8338 8890 9362 9300 9506 9732 9979 10396 10655 10827 11099 11375 11405 11601 11074 11589 12870 14633 15756 21004 20199 21917 22712 21586 22160 19230 17770 16015 14421 12835 10818 9822
8044 9383 8109 6775 5962 5458 4746 5782 5110 4412 3859 3277 2582 2142 1780 1560 1444 1343 1311 1267 1229 1178 1144 1102 1104 1158 1300 1465 1544 1596 1616 1602 1605 1579 1697 1797 1765 1734 1744 1975 2378 2710 2987 2931 3085 3419 4209 4940 5813 6346 7131 7697 8000 8451 9318 9690 9927 10227 10064 9704 9985 10123 10300 9740 9881 9645 9072 9515 12291 14299 16001 16858 21893 23947 25111 22696 22624 19515 16788 15691 14462 12820 10877 9788
7985 8523 8030 6509 5488 4651 5807 4920 4099 3330 2872 2473 2108 1749 1539 1445 1337 1242 1178 1105 1068 1035 1051 1044 1075 1147 1216 1352 1449 1492 1508 1474 1562 1680 1716 1469 1311 1381 1179 1496 2163 2626 2997 3171 3305 3802 4213 4875 5713 6292 6959 7535 8027 8500 9100 9658 9874 10279 10093 9688 9205 9199 9325 8520 8331 8164 7687 8309 10476 12670 15383 16946 20182 25852 31163 23401 18531 17666 16821 15608 14119 12488 10887 10033
7874 10936 9150 8357 6697 5712 4992 4331 3531 2759 2268 1942 1675 1376 1380 1385 1384 1381 1260 1213 1184 1073 1137 1073 1077 1138 1168 1256 1377 1398 1416 1482 1692 1834 1907 1534 1333 1428 1509 1682 2363 2779 3286 3652 3830 3875 4053 5002 5819 6552 7219 7871 8226 8628 9220 9817 10415 10725 10475 9409 8577 8025 7594 6978 6747 6511 6371 6716 9728 12763 14341 16269 17061 17885 32662 18375 17971 17293 16372 15170 13849 12339 11165 10314
10380 12255 9617 8386 7046 6198 5231 4141 3067 2367 1958 1693 1387 1214 1248 1425 1499 1501 1477 1482 1457 1412 1427 1273 1188 1176 1185 1136 1241 1289 1355 1476 1675 1815 2114 2110 1846 1696 1849 2122 2755 3178 3792 4257 4927 4564 4437 5158 6044 6818 7548 8447 8971 9389 9755 10223 10411 11185 11174 9815 8848 8444 8348 8157 8007 8159 8228 8369 9876 13425 14340 15179 16128 17869 24173 17648 17077 16228 14568 13695 12900 11815 10934 10047
9364 10686 7026 7196 6831 5850 4999 4010 3165 2488 1863 1542 1302 1121 1119 1567 1730 1668 1674 1744 1809 1741 1611 1456 1280 1237 1244 1160 1136 1290 1421 1583 1760 1927 2073 2440 2276 2078 2140 2684 3173 3750 4486 5165 5754 5558 5184 5126 6184 6990 7862 8690 9423 9758 9908 10436 10875 11321 11863 11228 10163 9618 9526 10302 10577 10927 10631 10684 12219 13915 14934 15444 14989 19111 13470 12762 14040 13440 13087 12142 11091 9959 9409 7184
6875 4867 4600 4357 3794 4335 3802 3204 2504 1927 1561 1312 954 891 1437 1889 1896 1960 2105 2115 2237 2114 1833 1634 1444 1470 1416 1248 1222 1339 1491 1570 1726 1828 2211 2703 2903 2552 2526 3194 3830 4409 5037 5622 6140 5508 5344 5388 5782 6838 7942 8815 9367 9725 9984 10431 10838 11389 12190 12123 11835 11064 11367 11886 12686 12752 12670 12682 13675 14699 15280 15515 16592 16357 12512 11664 11506 10953 11618 9815 9092 8521 7947 6545
4472 3960 3637 3218 2659 2089 1603 2160 1751 1545 1350 862 460 1171 1703 2190 2176 2324 2594 2780 2611 2342 2008 1890 1771 1738 1661 1433 1212 1331 1468 1473 1785 1748 2192 3044 3459 2924 2983 3527 4432 5085 5716 6192 6577 5965 5838 5713 5983 6706 7968 8880 9321 9703 9935 10377 10772 11406 12182 12617 12445 12580 12918 12917 13138 13234 13322 13763 14376 15063 15859 16948 18277 10799 12646 11702 12293 10620 11274 9437 9028 8587 8347 6417
3601 3267 2731 2247 1734 1310 1091 1478 1501 1394 1120 503 635 1503 1943 2341 2560 2928 3284 3373 2973 2853 2317 1971 1858 1804 1629 1361 1387 1453 1345 1379 1673 1872 2503 3342 4195 4236 3734 4022 5121 5754 6222 6254 6631 6305 6258 5888 5976 6837 8345 8977 9497 9729 9951 10346 10949 11545 12061 12258 11968 12127 13486 13704 14014 12872 13067 14328 14648 15845 15807 16433 14399 10672 12838 11836 13329 12503 11518 10650 9998 9543 8748 7344
3906 2425 1844 1344 1072 1643 1621 1430 1384 1295 1078 1041 1603 1973 2473 2941 3299 3507 4147 3890 3453 3010 2439 1929 1756 1680 1520 1445 1475 1412 1397 1410 1560 1887 2532 3669 4679 5114 5214 4945 5748 6229 6755 6732 7245 6830 6739 6224 6216 7147 8250 8977 9540 9806 10239 10611 10866 11461 11943 12473 12500 12741 13019 13491 14880 14889 14595 15362 15649 14700 15611 13746 11555 10311 12105 11141 13172 12688 11800 10783 9988 9887 9054 7771
3813 2699 2293 1955 1840 1696 1522 1337 1307 1336 1458 1880 2268 2927 3408 3767 3910 4475 4442 3977 3712 3076 2561 1998 1796 1628 1336 1374 1457 1485 1404 1443 1611 2029 2636 3520 4873 5594 6073 6366 6468 6994 7246 7300 7669 7495 7098 6385 6134 6854 7842 8338 9096 9930 10286 10554 11037 11412 12014 12607 12847 13013 13333 13751 14994 15152 14981 15507 14682 13392 12469 13316 9759 9691 11378 11283 13025 12780 12251 11275 10586 9856 9213 8331
3232 2400 2048 1939 1842 1766 1615 1461 1553 1816 2093 2584 3080 3764 4418 4636 4938 4826 4313 4059 3559 3041 2418 2081 1791 1554 1264 1496 1507 1477 1471 1441 1647 2066 2665 3479 4123 5086 6216 6892 7345 7885 8267 7755 8086 7902 7264 6649 5496 5937 6511 7600 8592 9384 10298 10870 11369 11793 12282 12867 13433 13727 13765 14738 15101 14705 13701 11781 11517 10972 10959 11271 9707 9407 8850 10408 12033 12840 12164 11372 10271 9586 9051 8180
2588 2171 1993 1828 2071 2169 2102 1959 2294 2535 2323 3123 4112 4672 5394 5927 4949 4693 4392 3618 3200 2728 2267 1939 1679 1654 1606 1538 1562 1660 1678 1738 1727 1985 2511 3195 3979 4974 6152 7374 7916 8325 9174 8556 8511 8007 7312 5922 4418 5744 6355 7412 8348 9255 10134 10820 11420 12180 12583 13164 13695 14355 16284 14068 10318 10378 9343 9705 8847 9602 9910 10989 9256 9087 8250 8478 10259 11894 11590 10657 9815 9033 8768 8092
2375 2061 1720 1933 2346 2917 2940 2925 3160 3075 2555 3239 4756 6017 6566 6624 5413 4641 3780 3331 2888 2452 2031 1964 1931 1680 1616 1661 1643 1700 1777 1905 1943 2090 2495 3092 3887 4968 6049 6833 7714 8597 9593 9507 8966 7915 6485 4422 4427 5439 6130 7161 8185 8898 9556 10051 10810 11447 12461 13196 14127 15690 13972 7239 6779 7050 6941 7369 7552 8091 8971 9566 8681 8519 8267 7956 8560 9745 9368 9572 9355 8422 8283 7640
2422 1750 1060 2623 3297 3906 3872 3939 4098 3824 3304 3251 5617 8070 8807 6761 5418 4124 3580 2896 2417 2074 1642 1820 1708 1604 1617 1711 1828 1914 2057 2109 2123 2262 2746 3162 3892 4998 6031 6969 7819 8530 9987 9955 7766 4657 4138 5314 6450 6153 6258 7124 8026 8473 9052 9478 9195 9604 10064 11507 12390 13401 10451 6224 5496 5255 5211 5397 6168 6810 8542 8599 8030 7992 7839 7527 7450 8362 8858 8484 8442 7788 7902 7875
2155 1009 1047 3209 4445 5059 5046 4932 4974 4332 3585 3535 6784 9172 9790 7046 4773 3938 3141 2418 1993 1666 1550 1494 1436 1382 1505 1646 1916 2067 2155 2241 2414 2662 3052 3441 4090 5060 6262 7176 7901 8527 10397 10011 5392 3922 4053 6626 7299 6653 6186 6932 7860 8652 9039 9485 9777 10256 10671 11434 11633 14084 6230 5114 4743 4468 4472 4744 5075 5582 7279 7430 7514 7410 7282 7234 7047 6898 6621 7632 8110 7511 8267 8760
1431 1206 1839 3820 5995 6152 6311 6233 6152 6210 4967 5279 7718 8028 7700 5691 4584 3367 2716 2193 1947 1693 1379 1437 1366 1360 1315 1515 1886 2024 2290 2428 2589 2788 3249 3655 4139 5269 6563 7360 8107 8602 10458 10018 6264 3133 5163 7546 8330 8199 5749 7025 7818 8556 9237 9722 10205 10731 11257 12138 13112 12062 5499 5293 4978 4676 4673 4441 5363 6166 6729 6873 6904 6911 6825 6642 6582 6375 6242 6066 5894 5935 5371 5336
1626 2052 3474 5867 8276 7935 7915 7580 7954 7345 7319 6804 4366 3780 4430 4226 3685 3206 2340 1913 1820 1729 1530 1426 1389 1263 1304 1540 1863 1781 2018 2192 2415 2735 3003 3271 4053 5353 6654 7561 8181 8584 9903 7995 3804 1905 2834 6586 7576 7254 4368 6513 7182 8573 9396 9948 10281 10820 11451 12563 14720 10565 5716 5512 5257 4852 4939 4758 5642 6023 6444 6447 6481 6522 6296 6199 6066 5922 5667 5580 5539 5392 5326 5208
2670 3556 4953 6392 9831 11529 10741 9374 9315 7641 6085 2379 2513 2756 2649 3448 3060 2531 2031 1734 1473 1574 1349 1360 1400 1381 1498 1848 2036 1544 1600 1700 1924 2208 2582 2987 3851 5485 6822 7740 8255 8500 8556 4445 1361 989 2347 4430 5552 6027 4402 5386 7190 8587 9583 10195 10652 10991 11278 12373 15831 7581 6075 5726 5377 5408 5372 5379 5603 5939 6053 6099 6113 6099 5957 5698 5612 5500 5301 5275 5274 5227 5120 4924
4725 5583 5871 6910 10376 12822 12080 9840 6693 5412 3772 2511 2385 2315 2282 3032 2708 2184 1794 1464 1392 1427 1347 1334 1336 1686 2129 2404 2632 2214 2407 2324 2255 2472 2924 3449 4387 6021 7237 7925 8628 9355 7263 2276 1467 2289 3957 5863 7096 7153 7038 6714 7343 8974 9712 10295 10643 11061 11293 13376 14442 7123 6080 5807 5686 5596 5488 5508 5581 5618 5611 5629 5762 5639 5549 5390 5346 5187 5074 4927 5081 5010 4875 4655
5538 5968 6524 6612 7141 6749 5150 5876 4955 3174 3399 2466 2262 2190 2692 2649 2345 1992 1611 1393 1431 1542 1314 1269 1463 2036 2660 3203 3761 3901 3658 3688 3356 3356 3818 4620 5404 6712 7484 8010 8486 8967 7117 6165 5461 5892 6399 7108 7758 8368 8714 8648 8802 9552 10133 10861 11298 11720 12890 14139 8782 6757 5963 5669 5420 5516 5381 5343 5247 5225 5172 5204 5139 5225 5149 5215 5078 4975 4805 4759 4741 4651 4506 4457
5055 5257 5489 5726 5593 5601 4672 4251 3614 3473 3555 3024 2684 2855 2558 2294 2003 1651 1319 1481 1595 1653 1639 1556 1933 2228 3123 3848 4642 5412 5717 4909 4476 4360 4812 5556 6213 6923 7650 7929 7789 8416 8128 7681 7521 6409 6678 7025 7835 8595 9130 9398 9722 9998 10571 11300 11795 13635 16415 8195 6639 6648 6038 5350 5375 5273 5164 5010 4900 4757 4691 4616 4631 4709 4845 4983 4877 4726 4482 4331 4357 4268 4261 4099
4425 4521 4693 4954 5110 4854 4611 3928 4042 3436 3373 3508 2860 2553 2341 2053 1669 1299 1567 1682 1702 1898 2206 2194 2189 2624 2986 3554 4672 6127 6910 5979 5554 5454 5710 6072 6498 7258 7626 8229 8685 8408 8710 8572 7875 6822 5784 6302 6963 8045 8571 9257 9742 10150 10855 11506 13087 15732 8853 7185 6611 6316 6111 5370 5255 5102 4943 4765 4584 4437 4175 4162 4040 4067 4540 4777 4760 4473 4142 4099 4027 4072 4080 3907
3906 3940 4151 4461 4633 4464 4176 4108 4110 3825 3208 2828 2828 2280 2038 1730 1322 1315 1616 1755 2041 2426 2606 2806 2813 3004 3293 3745 4862 6458 7649 7822 6856 6704 6599 6686 6785 7551 8739 8829 8908 9065 9255 8832 7374 5318 4208 5431 6102 6706 7804 8378 9372 10242 10757 12645 14070 10199 7185 6395 6274 6021 5934 5483 5098 5012 4835 4648 4392 4137 3890 3615 3569 3488 4170 4680 4679 4402 4166 3912 3844 3838 3972 3812
3712 3675 3637 3973 4135 4039 3826 3890 4053 3631 3307 2766 2252 1969 1602 1308 1312 1550 1770 2182 2487 2936 3371 3431 3417 3258 3544 4032 4899 5830 7828 8718 8340 7931 7782 7545 7680 8368 8998 9028 9147 9452 9607 7980 5755 3264 2605 4487 5126 6102 7017 7570 8111 9303 11004 11934 12642 6948 6324 5746 5690 5491 5504 5396 4886 4725 4697 4626 4348 4053 3790 3545 3533 3350 4181 4380 4325 4200 3974 3825 3641 3654 3721 3853
3291 3447 3489 3572 3760 3677 3602 3584 3800 3799 2755 2913 2037 1556 1212 948 1449 1831 2137 2612 3043 3546 4198 4089 3872 3924 3927 4061 5241 6206 7494 9224 9672 9268 9159 8806 8562 8885 9380 9272 9481 9773 9798 6626 5220 2854 2205 3839 4704 5565 6417 7315 7965 9181 9852 12313 6515 6302 5886 5367 5310 5136 4970 4853 4782 4588 4601 4534 4390 4068 3871 3661 3550 3685 3931 3995 3941 3904 3718 3622 3360 3260 3400 3769
3354 3260 3131 3229 3324 3285 3228 3290 3519 3525 2798 2485 1979 1364 999 1310 1770 2315 2787 3193 3727 4296 4935 5274 5159 4825 4516 4516 5434 6475 7157 8988 10403 10710 10280 9852 9349 9560 9720 9464 9544 9932 9348 6768 4791 2743 2655 3515 4564 5445 6382 7196 7966 8672 9695 9215 6115 5834 5552 5032 4951 4806 4658 4517 4434 4343 4335 4364 4245 4175 4094 3989 3871 3660 3654 3529 3482 3411 3268 3212 2994 2749 3223 3548
3209 2878 2908 2902 2954 2961 2912 2960 3095 3177 2397 2023 1770 1908 1718 1816 2394 2915 3404 3750 4049 4462 5320 6028 6272 6074 5616 5518 5792 6660 7364 8558 10478 11722 11767 11110 10292 10474 10205 9024 9409 9760 9349 6711 4976 3430 3482 4240 5008 5955 6694 7293 7525 9110 11040 5698 5769 5404 5111 4728 4598 4458 4304 4030 3935 3875 3927 3967 3908 3930 3808 3890 3862 3662 3321 2848 2896 2936 2827 2795 2602 2577 2689 3176
