gridcompare/merge_qsort_arctan_results.asc
ncols         391
nrows         472
xllcorner     271845
yllcorner     3875415
cellsize      30
NODATA_value  -9999
[rows 407 to 443 of 472, columns 168 to 251 of 391]
2873 2874 2545 2241 1903 1638 1488 1363 1250 1159 1091 1025 1013 962 981 950 932 969 1093 1212 1366 1452 1693 1977 2210 2425 2643 2888 3024 3199 3397 3483 3574 3314 1583 1159 1147 1079 1007 948 854 765 731 687 660 648 669 702 715 721 721 715 728 732 751 790 814 916 1064 1624 2139 2468 3066 3724 4625 5513 6256 6650 6595 6875 18611 19869 18426 18152 14825 13498 12423 11074 9073 5307 3658 4545 5410 5110
2685 2719 2538 2209 2100 1898 1638 1450 1329 1175 1063 993 916 827 924 933 885 930 1091 1244 1401 1494 1654 1901 2151 2405 2636 2804 3057 3224 3407 3437 3433 3785 2998 1134 1150 1100 1009 894 815 781 758 709 694 674 673 675 698 726 743 749 748 743 758 788 785 867 1016 1286 1976 2336 2785 3475 4351 5364 6117 6649 6968 6906 6934 16989 15408 15188 14160 12895 10763 5116 4190 3223 2557 2140 1871 4121
2510 2425 2395 2285 2260 2015 1868 1668 1414 1310 1200 1054 977 912 923 899 854 889 1057 1141 1305 1434 1609 1868 2083 2383 2551 2818 3009 3160 3342 3447 3548 3467 3162 1608 1160 1134 1039 921 894 829 805 768 761 701 684 702 660 706 745 767 775 755 760 783 785 850 988 1116 1879 2276 2654 3276 4245 5158 5986 6534 7005 7304 8457 8575 14616 14038 12098 6597 5391 4326 3536 2720 2212 1793 1440 1112
2207 2112 2068 1964 2047 2018 1818 1700 1609 1429 1243 1135 1028 970 961 877 818 855 1005 1161 1320 1403 1550 1847 2080 2344 2546 2763 2927 3098 3282 3370 3390 3314 3389 2835 1130 1137 1085 1007 975 965 886 839 798 750 687 736 694 715 754 782 798 768 784 805 794 880 995 1101 1818 2259 2700 3329 4224 4981 5803 6472 7023 7292 7965 7743 7770 7442 6780 5827 4823 3806 2981 2266 1817 1381 1172 953
1882 1797 1672 1693 1903 1910 1728 1670 1592 1535 1434 1286 1148 1165 1050 985 903 940 1069 1208 1337 1429 1560 1779 1964 2276 2436 2644 2852 3030 3183 3249 3335 3206 2944 3439 1611 1132 1102 1041 994 935 904 865 823 739 698 727 742 716 749 784 802 809 800 822 809 893 1015 1162 1857 2339 2783 3415 4193 4997 5644 6269 6817 7039 6850 8407 7054 6896 6156 5227 4141 3239 2500 1892 1340 1172 943 861
1626 1454 1461 1599 1877 1813 1682 1635 1542 1515 1440 1363 1318 1192 1052 1030 1041 1095 1145 1363 1441 1439 1510 1679 1899 2168 2385 2555 2743 2995 3130 3278 3136 3180 3108 3252 2547 1065 1069 990 946 888 863 841 803 789 761 714 712 701 736 763 804 807 820 814 819 888 1031 1206 1904 2368 2804 3381 4168 4712 5332 5758 6285 6367 6440 7613 5685 6200 5643 4553 3503 2634 1962 1404 1069 933 825 760
1449 1343 1411 1621 1852 1766 1678 1550 1538 1459 1412 1276 1207 1115 1126 1120 1172 1241 1310 1320 1410 1426 1441 1587 1817 2112 2237 2532 2715 3001 3136 3252 3470 3270 3360 3538 3258 1340 1077 1035 938 894 855 882 920 958 878 811 727 737 752 784 813 840 862 846 868 956 1087 1251 1849 2421 2923 3350 3923 4473 4962 5383 5746 6049 5610 7964 4995 5519 4956 3946 3062 2198 1582 1116 720 717 757 838
1342 1295 1317 1530 1676 1717 1658 1533 1465 1433 1328 1244 1241 1161 1099 1120 1107 1092 1149 1280 1236 1317 1435 1524 1790 2100 2244 2580 2825 2995 3126 3335 3490 3669 3532 3670 3685 1398 1105 1040 987 921 936 1058 1114 1102 1001 824 760 713 759 825 887 926 923 927 949 999 1169 1311 1835 2509 2898 3625 3971 4370 4842 5245 5513 5933 5149 7284 4386 5144 4512 3650 2820 2073 1562 1162 799 837 1105 1235
1332 1268 1283 1366 1554 1658 1625 1518 1488 1409 1339 1226 1171 1176 1145 1068 1000 1041 1062 1115 1226 1302 1416 1579 1723 2100 2366 2611 2781 2948 3047 3270 3552 3674 3597 3623 3645 3374 1294 1075 1074 1025 1136 1216 1200 1079 997 859 727 704 731 798 878 946 1027 1086 1109 1191 1337 1503 1905 2618 3167 3507 3923 4399 4771 5121 5421 5613 4558 5001 4533 4934 4459 3568 2870 2134 1684 1445 1214 1285 1436 1600
1318 1223 1215 1313 1496 1569 1562 1488 1436 1353 1326 1271 1215 1109 1077 1044 1025 963 984 1100 1197 1308 1433 1596 1752 2068 2362 2503 2698 2896 3104 3311 3507 3718 3734 3776 3756 3889 2168 1344 1196 1175 1337 1230 1194 1102 953 851 743 684 731 760 839 940 939 995 1100 1188 1370 1571 2044 2639 3090 3487 3858 4204 4607 4792 5073 5013 5134 4528 5763 4819 4860 4055 3189 2397 2012 1646 1262 1320 1402 1680
1334 1258 1210 1249 1409 1541 1566 1518 1433 1396 1348 1346 1288 1188 1052 1013 934 883 977 1129 1234 1327 1499 1584 1828 2035 2257 2421 2630 2809 3033 3225 3376 3466 3666 3822 4043 4159 3401 1627 1393 1451 1369 1268 1146 1051 973 845 768 696 723 679 707 830 901 963 1023 1087 1277 1484 1947 2563 2987 3430 3653 3849 4179 4488 4625 4850 4958 4450 6390 4598 5234 4650 3932 3233 2629 1781 1301 1111 1336 1398
1368 1298 1238 1235 1264 1475 1472 1498 1415 1363 1348 1289 1221 1128 1004 995 991 921 1032 1134 1332 1494 1574 1728 1751 1886 2151 2328 2532 2822 2908 3037 3275 3675 3725 4068 4089 4242 4490 2098 1539 1477 1356 1187 1073 981 906 833 759 721 641 655 637 682 770 846 933 982 1136 1359 1823 2323 2839 3189 3243 3386 3756 4059 4371 4711 5007 4929 4489 4195 5404 5094 4500 3940 2975 2080 1134 860 1158 1268
1385 1336 1313 1332 1280 1399 1460 1450 1412 1381 1357 1298 1206 1117 1087 1041 955 979 1061 1229 1351 1570 1581 1636 1701 1743 1963 2155 2437 2686 2868 3113 3389 3664 3999 4064 4359 4168 4568 3410 1511 1417 1258 1105 1026 939 872 810 754 665 594 549 579 584 669 785 804 854 994 1212 1761 2102 2436 2686 2680 3169 3556 3820 4137 4553 4815 5011 5177 6102 5355 5427 5537 4852 3282 2081 1224 849 1451 1541
1538 1471 1446 1419 1438 1432 1444 1483 1484 1419 1267 1310 1205 1185 1047 1006 968 953 1073 1265 1421 1561 1615 1587 1581 1634 1804 2071 2263 2610 2775 3023 3273 3641 3949 4206 4316 4380 4791 3908 1381 1281 1161 1057 984 925 862 793 755 695 629 594 565 549 599 734 787 881 950 1123 1569 1884 2119 2471 2707 3038 3406 3643 4003 4433 4707 4897 4932 5899 5587 5808 5541 5274 3893 2196 1293 1340 1669 1732
1783 1717 1615 1527 1471 1434 1458 1489 1463 1354 1290 1311 1307 1155 1111 1046 1029 979 1143 1353 1408 1437 1491 1540 1486 1527 1687 1997 2136 2471 2743 2997 3303 3616 3916 4112 4221 4307 4556 3951 1600 1183 1115 1035 984 912 860 814 813 769 703 672 631 579 604 713 772 800 873 991 1345 1715 2028 2393 2774 3099 3427 3718 3926 4251 4543 4724 5160 5762 2694 5021 5215 4314 3013 2050 1170 1042 2062 2443
1920 1781 1640 1520 1400 1350 1427 1367 1438 1300 1326 1407 1351 1220 1145 1097 1076 1053 1122 1204 1299 1358 1424 1410 1434 1494 1705 1901 2254 2564 2835 3048 3471 3654 3781 3961 4098 4082 4168 3819 1607 1168 1143 1086 1001 971 926 867 847 836 781 748 698 594 600 605 729 801 819 862 1090 1647 2092 2376 2766 3251 3612 3801 4073 4199 4353 4673 5116 4907 2460 2835 2709 2184 1886 1350 1019 1105 1327 1447
1876 1784 1682 1595 1492 1376 1375 1430 1428 1381 1467 1467 1388 1335 1237 1168 1129 1155 1148 1274 1230 1257 1369 1345 1395 1440 1784 2111 2387 2671 3072 3218 3437 3558 3603 3810 3826 3866 3750 3523 2714 1092 1111 1076 1057 1014 985 938 903 896 844 839 756 663 595 593 660 705 775 798 1000 1567 2114 2515 2873 3263 3559 3761 3918 3971 4262 4488 5016 4875 2413 2350 2202 1770 1468 1132 964 1052 1165 1199
1831 1785 1707 1638 1546 1469 1404 1399 1437 1410 1514 1492 1401 1335 1247 1156 1171 1123 1119 1166 1271 1271 1385 1386 1416 1553 1812 2130 2511 2876 3159 3395 3462 3554 3528 3564 3604 3631 3336 3283 3312 1940 966 944 1081 1079 1042 1014 965 944 943 912 820 717 621 551 486 632 728 839 968 1231 2015 2392 2753 2956 3263 3400 3583 3827 4108 4362 4922 4944 2200 2048 1798 1549 1294 1044 884 1009 1079 1114
1791 1750 1689 1636 1557 1469 1366 1270 1314 1382 1351 1400 1419 1352 1309 1199 1144 1150 1184 1225 1393 1407 1506 1458 1410 1649 1899 2242 2546 2869 3157 3287 3364 3349 3266 3277 3252 3397 3491 3440 3239 3029 2363 869 992 1138 1092 1047 1021 994 986 957 864 765 676 564 544 543 665 803 929 1155 1582 2116 2211 2462 2663 2858 3313 3610 3901 4248 4744 4802 2044 1880 1595 1389 1159 928 809 937 1062 1074
1743 1724 1669 1622 1570 1458 1396 1279 1210 1245 1259 1369 1424 1417 1318 1195 1139 1137 1182 1282 1442 1523 1603 1495 1417 1506 1784 2072 2358 2627 2944 2902 2862 2794 2536 2631 2811 3058 3146 3462 3405 3392 3526 3109 1181 1264 1171 1141 1098 1053 1026 968 890 802 675 569 445 484 603 768 865 989 1157 1293 1310 1946 2196 2641 3002 3392 3778 3991 4306 4374 1858 1669 1491 1372 1083 886 715 871 1011 1076
1859 1756 1712 1657 1590 1514 1450 1355 1316 1307 1286 1309 1416 1479 1359 1232 1158 1152 1252 1345 1502 1633 1654 1391 1240 1345 1606 1885 2178 2411 2571 2513 2210 2230 2254 2395 2640 2876 3283 3542 3753 3849 4200 4133 3073 1574 1288 1228 1103 1055 1019 985 868 827 718 599 523 501 518 692 771 790 801 909 950 1322 1985 2419 2826 3334 3863 4360 4956 4376 1922 1654 1644 1478 1133 899 803 988 1028 1044
1962 1862 1779 1734 1663 1578 1482 1456 1414 1371 1400 1427 1489 1519 1431 1286 1250 1229 1308 1377 1595 1700 1538 1253 1094 1198 1491 1815 2059 2301 2354 2089 1903 1963 2108 2408 2703 3000 3294 3565 3862 4086 4390 4556 4348 1771 1418 1296 1165 1052 990 943 896 872 759 652 567 476 470 594 622 643 694 728 871 1081 1486 2279 2837 3452 4060 4427 4913 4322 1779 1836 1717 1576 1324 1185 1110 1138 1101 1080
2103 1917 1848 1789 1708 1638 1594 1528 1496 1505 1517 1510 1554 1519 1435 1354 1321 1362 1419 1517 1760 1769 1535 1196 1113 1218 1540 1776 2093 2300 2130 1728 1570 1731 2029 2403 2763 3001 3242 3579 3884 4198 4553 4824 4947 2830 1873 1417 1240 1119 1053 1005 964 900 804 763 658 546 526 522 548 574 633 688 745 911 1281 1733 2634 3234 3744 4410 3824 3782 1750 1583 1679 1627 1437 1417 1463 1339 1286 1066
2224 2028 1926 1848 1793 1731 1667 1622 1582 1586 1562 1537 1482 1415 1390 1385 1407 1476 1547 1761 1886 1801 1561 1325 1266 1353 1736 1926 2237 2264 1885 1402 1366 1529 1982 2392 2715 2992 3247 3560 3905 4202 4562 4843 5083 4982 2228 1506 1317 1209 1103 1031 989 916 895 863 750 635 527 524 485 532 569 621 695 884 1133 1447 2086 2765 3118 3366 3012 2853 3056 1556 1378 1501 1629 1580 1451 1406 1247 1148
2372 2187 1996 1951 1907 1875 1805 1710 1649 1578 1544 1499 1409 1406 1372 1402 1441 1544 1669 1892 1993 1900 1533 1508 1480 1596 1897 2181 2395 2334 1733 1046 1190 1611 2010 2331 2661 2974 3259 3567 3897 4220 4526 4751 5016 5170 1996 1579 1466 1318 1186 1069 1009 993 951 888 794 720 605 585 555 519 591 661 750 852 1035 1278 1474 2054 2497 2090 2217 2229 2495 2704 1362 1406 1462 1438 1310 1256 1208 1152
2657 2226 2136 2090 2044 1975 1906 1788 1686 1598 1570 1497 1501 1472 1399 1393 1484 1567 1786 2022 2114 1843 1600 1480 1450 1605 1974 2139 2300 2175 1362 1074 1163 1638 1996 2332 2661 3010 3254 3526 3839 4121 4459 4683 4848 5308 4425 1849 1584 1422 1285 1173 1060 1059 983 903 860 793 734 666 667 621 639 714 777 850 978 1157 1218 1403 1717 1551 1765 1927 2312 2766 1277 1288 1229 1142 1044 988 1046 1103
2808 2360 2242 2132 2046 1998 1933 1823 1750 1669 1627 1618 1574 1576 1468 1394 1339 1419 1712 2039 2158 1907 1480 1280 1436 1499 1723 2069 2146 1928 1162 1041 1220 1690 2064 2386 2715 3018 3262 3497 3771 4044 4365 4628 4823 4894 5381 2253 1640 1539 1381 1244 1122 1014 922 895 854 786 748 665 681 632 629 710 800 836 937 1035 1054 1131 1212 977 1336 1815 2244 2466 1263 1246 1144 981 927 815 831 980
2864 2288 2216 2139 2054 1990 1922 1834 1780 1760 1722 1705 1708 1664 1594 1368 1207 1294 1372 1999 2126 1811 1404 1270 1536 1623 1570 1772 1942 1613 1183 1116 1294 1720 2064 2356 2680 2921 3194 3418 3643 3969 4275 4572 4843 4993 5238 4977 1893 1675 1551 1340 1210 1053 1029 953 887 861 750 670 630 614 606 692 753 868 929 938 994 1092 1200 1316 1423 1946 2551 2211 1110 1141 1061 902 761 644 636 738
2636 2158 1971 2043 1987 1986 1904 1857 1858 1820 1808 1794 1838 1757 1670 1495 1171 963 1309 1620 1968 1861 1442 1541 1615 1528 1493 1488 1641 1513 1113 1066 1414 1745 2054 2291 2573 2829 3089 3380 3621 3874 4231 4594 4833 5064 5463 5498 2531 1801 1814 1693 1499 1282 1127 1020 914 860 679 656 621 611 603 632 723 822 898 870 1006 1080 1187 1281 1528 1927 2622 1866 1053 1045 963 828 606 489 412 331
2430 2118 2064 2115 2006 2019 2033 1967 1920 1885 1897 1928 1944 1859 1705 1466 1056 902 942 1547 1753 1765 1528 1435 1385 1381 1295 1295 1293 1404 1311 1215 1434 1726 1978 2265 2483 2700 3009 3282 3580 3892 4286 4623 4893 5161 5509 5975 2874 2070 2026 1801 1595 1382 1183 1036 929 834 709 695 641 609 573 614 697 774 829 905 979 1154 1303 1453 1631 2065 2827 1051 1078 1013 911 770 617 340 252 236
2388 2748 2314 2298 2195 2190 2195 2125 2013 1988 2026 2050 2029 1932 1734 1578 1363 953 874 1305 1690 1808 1461 1390 1089 1138 1044 1180 1264 1347 1307 1268 1493 1710 1951 2207 2413 2648 2934 3255 3581 3934 4338 4669 4962 5311 5446 5975 3623 1982 1811 1655 1501 1303 1134 992 900 841 783 662 647 605 624 643 712 783 835 888 981 1161 1372 1558 1732 2303 2479 1121 1021 954 849 719 547 351 195 236
1987 2831 2989 2380 2361 2344 2294 2187 2076 2039 2115 2128 2091 1994 1832 1717 1528 1065 899 1165 1457 1631 1476 1064 950 1030 1148 1169 1317 1361 1247 1350 1536 1826 2030 2278 2455 2665 2940 3312 3662 4099 4469 4792 5039 5406 5445 6102 1741 1685 1591 1433 1308 1218 1045 986 920 817 756 717 680 656 702 691 770 817 875 989 1104 1208 1373 1563 1792 2234 2650 1169 1052 958 811 715 558 398 333 445
1374 2473 2981 2567 2437 2339 2294 2188 2150 2167 2235 2244 2149 2059 1903 1807 1687 1468 1133 1201 1524 1626 1307 1171 1111 1211 1295 1379 1450 1397 1397 1424 1654 1890 2099 2329 2553 2769 3078 3450 3822 4254 4646 4892 5239 5480 5450 5831 1575 1578 1472 1324 1180 1015 963 927 872 784 757 717 649 713 766 759 808 863 912 999 1111 1170 1351 1483 1856 2256 2106 1200 1106 965 875 730 666 608 650 636
1209 2167 3056 3087 2384 2291 2274 2270 2257 2285 2311 2329 2202 2037 1923 1834 1773 1658 1451 1327 1353 1410 1047 1070 1331 1471 1506 1552 1551 1504 1492 1506 1704 1938 2152 2419 2675 2926 3273 3671 4064 4482 4822 5045 5322 5499 5201 4966 1461 1488 1385 1248 1117 940 826 763 706 696 662 654 657 704 797 788 799 861 911 957 1054 1192 1263 1333 1694 1775 1503 1126 1078 1093 937 821 813 832 887 740
1231 1621 2816 3442 3562 2605 2584 2542 2470 2416 2447 2407 2215 2139 2002 1955 1902 1811 1680 1469 1400 1169 786 749 1040 1364 1539 1601 1601 1590 1582 1630 1790 2003 2270 2592 2850 3144 3548 3913 4300 4660 4914 5184 5340 5259 4954 4017 1326 1365 1313 1205 1064 890 756 690 622 641 646 648 729 797 829 823 819 884 929 970 1072 1171 1273 1307 1583 1310 1156 1178 886 885 1130 922 1026 977 921 828
979 1631 2767 3663 4160 3660 2933 2823 2745 2608 2584 2418 2278 2187 2097 2080 2003 1896 1775 1583 1365 985 714 671 787 1034 1292 1326 1450 1579 1666 1711 1852 2094 2377 2773 3042 3321 3758 4111 4378 4696 4897 5114 5131 5065 4436 3425 1275 1342 1267 1282 1160 1004 826 764 744 706 743 785 838 844 867 861 853 903 953 985 1082 1216 1340 1414 1457 926 853 628 554 555 537 1079 1400 1064 965 819
676 1403 2281 3127 4112 4593 3152 3043 2823 2689 2616 2377 2324 2240 2180 2154 2055 1965 1853 1641 1309 1074 778 718 792 987 1101 1359 1517 1640 1779 1891 2049 2248 2586 2922 3199 3507 3898 4207 4486 4742 4893 5052 5135 5040 4728 4665 1497 1430 1418 1466 1358 1193 1058 900 916 870 930 951 939 918 892 888 908 957 988 1039 1149 1298 1409 1702 1439 598 558 438 399 366 418 585 958 1357 974 889
