gridcompare/merge_qsort_arctan_results.asc
ncols         391
nrows         472
xllcorner     271845
yllcorner     3875415
cellsize      30
NODATA_value  -9999
[rows 111 to 147 of 472, columns 168 to 251 of 391]
6921 7389 7653 9606 12262 12299 13431 14369 13494 11520 10594 10205 9776 9478 9488 7874 6396 5927 4849 4420 4020 3160 1955 924 447 396 375 539 708 939 1750 5468 8643 8146 7902 7240 6776 6096 5360 4840 4136 3636 3158 2893 2706 2560 2546 2503 2412 2274 2198 2253 2173 2139 2069 2027 2217 2082 2357 2547 3176 3480 3558 3409 2563 1937 1443 1201 1021 926 826 1036 1198 1390 1524 1597 1948 2344 2693 3094 3504 3898 4265 4502
7861 8678 9586 12669 13411 13206 15791 15755 14761 12567 11707 11266 11042 10741 10076 8276 7007 6176 5136 4455 3739 2975 1905 1081 817 662 711 910 1068 1673 4653 8150 9012 8197 7688 7396 6880 6230 5554 4779 4171 3723 3220 2975 2853 2678 2637 2574 2506 2384 2337 2325 2306 2300 2357 2505 2781 2994 3222 3416 3759 3799 3822 3166 2363 1961 1476 1252 1147 1066 1061 1066 1206 1376 1586 1613 1996 2396 2836 3307 3860 4143 4501 4694
10720 10220 11517 14316 14712 13594 17163 16541 14730 13042 12471 11786 11500 11003 9425 8717 7846 6502 5435 4453 3838 3218 2422 1722 1423 1152 1184 1453 1976 3961 6351 9236 8712 7884 7862 7230 6729 6102 5589 4848 4295 3835 3532 3340 3132 3026 2881 2754 2688 2674 2694 2716 2804 2904 3067 3265 3543 3625 3806 3962 4210 4050 3618 2779 2231 1895 1669 1479 1240 1198 1181 1266 1404 1583 1773 2100 2429 2754 2969 3586 4021 4411 4754 4983
11217 11269 10669 13620 15332 15086 17260 15930 13387 12391 11565 10986 10417 9808 9028 8464 7369 6104 5079 4365 3671 3205 2575 2043 1988 1851 1763 1980 2404 5757 9524 9011 7540 7492 7259 6893 6642 6166 5604 5085 4614 4122 3903 3655 3519 3358 3161 3051 3005 3184 3369 3595 3843 4016 4147 4266 4303 4378 4336 4503 4348 3940 2969 2609 2199 1990 1725 1591 1387 1298 1365 1507 1687 1920 2268 2579 2923 3289 3685 4061 4487 4872 5436 7116
11003 10837 10712 11499 14510 15470 17108 14481 12821 12059 11136 10308 9263 8622 8160 7705 6729 5416 4584 4007 3669 3194 2728 2407 2353 2012 1916 1668 1904 4049 8615 7569 6950 7108 7027 6827 6490 6116 5776 5266 4777 4351 4096 3921 3765 3560 3357 3089 3135 3457 3950 4325 4635 4965 5136 5300 5143 5103 5134 4779 4567 4002 3319 2785 2371 2179 2026 1723 1475 1466 1539 1829 2085 2485 2915 3230 3595 3948 4377 4768 5119 6176 7653 8141
11307 11172 10665 10591 14814 17713 16520 14514 13051 11231 10077 9220 8588 8167 7820 7168 6000 4904 4248 4020 3628 3308 2798 1855 1756 1990 1509 1237 1315 5007 7364 7302 7082 7035 6875 6887 6725 6381 6011 5510 4985 4534 4260 4012 3893 3655 3394 3116 2346 2664 3437 3657 4714 5251 5623 6009 5709 5523 5147 4862 4415 3763 3545 3024 2640 2413 2140 1867 1675 1586 1765 2062 2442 2891 3329 3670 4053 4422 4864 5291 5863 7615 8749 10498
10838 11252 10787 10439 14517 16492 14637 14072 11588 10307 9499 8580 7909 7522 7403 6888 5904 4854 4470 4157 3911 3536 2946 2217 2003 1819 1241 3138 4845 7549 7273 7468 7444 7502 7363 7275 7077 6710 6197 5738 5228 4764 4300 4159 3961 3722 3609 3289 2621 2851 3091 3342 3968 5150 6111 6007 5657 5095 4705 4145 3852 3724 3487 3206 2918 2562 2281 1974 1766 1834 2056 2375 2803 3266 3705 3996 4261 4322 4741 5017 6019 7841 9509 13622
10747 11196 10478 9136 14821 15516 14893 13730 11433 10068 9177 8235 7887 7588 7409 7226 6560 5741 5024 4767 4989 4617 4063 2828 2430 2040 2999 4448 5904 7717 8451 8342 8108 8237 8086 7727 7523 7014 6545 5947 5416 4913 4506 4279 4095 3913 3798 3017 2964 3101 3089 3261 4009 4500 4907 4703 3596 3353 3261 2806 2595 2523 2297 2248 2502 2210 1958 1858 1888 2131 2408 2712 3198 3523 3982 4275 4509 4408 4751 5164 5585 7104 9816 13821
11156 11177 10718 13821 16992 16431 16244 14655 12037 9974 9148 8378 8159 7959 7906 7679 7227 6324 5303 5481 5577 6656 6430 5452 4845 4698 5192 5910 6510 8061 8180 9009 9039 9206 8966 8580 8089 7463 6882 6231 5708 5169 4665 4493 4439 4329 4136 3715 3025 3213 3198 4405 4976 4136 1444 1229 1175 1147 1224 1122 1065 1630 1855 1711 1605 1419 1449 1754 1962 2391 2801 3159 3546 3819 4279 4572 4888 4989 5004 5413 5834 8713 13827 12079
11627 11372 10770 13594 16410 17783 17129 16533 13588 10157 9505 8862 8490 8454 8327 8039 7806 6259 5889 6077 6362 7682 8083 7307 6080 6056 6406 6804 7013 7248 8638 8737 9650 9906 9752 9308 8421 7788 7201 6548 5969 5426 4921 4866 4786 4758 4568 4176 3415 3544 4872 5266 5567 4512 1677 1267 942 862 780 834 899 1618 1733 1572 1526 1389 1625 1655 1785 2293 2967 3408 3739 4111 4586 4926 5311 5488 5649 6188 7184 11018 13557 9526
12120 11375 10099 14146 18427 18430 18536 17519 14833 11272 9748 9163 8910 8920 8839 8603 8079 6767 6324 6556 6848 8229 8824 7578 7043 7140 7239 7352 7467 7679 7943 9295 10209 10426 10261 9401 8716 8054 7482 6852 6211 5768 5124 5316 5635 5390 5064 4831 4080 4498 5128 5808 5759 4604 2593 1528 984 850 725 1315 1991 2203 2226 2057 1825 1740 1687 1768 1613 2146 2625 3264 3610 3918 4737 5084 5756 6148 6721 7195 10273 14154 13794 10471
12536 10910 9035 23120 24803 25679 24906 23170 18403 12794 9953 9629 9468 9398 9320 9054 8601 7148 6618 6800 7103 7457 8550 8301 7793 7924 8534 8016 8120 8827 8358 9681 10703 10954 10291 9397 8835 8141 7587 6965 6337 5835 5445 5543 6069 5932 5746 5231 5007 5124 5629 6051 6052 4827 3567 2537 1549 1282 1419 2111 2466 2552 2534 2361 2044 1896 1853 1628 1766 2241 2721 3165 3602 3956 4503 4845 5955 7019 7869 8343 11114 14939 14121 11349
13292 14226 23261 20222 20422 21214 24381 24052 22165 17995 13289 9754 9791 9871 9761 9448 9144 8011 8253 6731 6861 7478 7927 8111 8387 8570 10154 8582 9337 8815 9130 11294 11407 10834 9689 8637 8189 7917 7409 6951 6460 6054 5740 5790 6422 6030 6292 5963 5566 5689 6139 6481 6053 4830 4167 3294 2618 2034 2019 2455 2636 2693 2533 2337 2052 1996 1935 1426 1805 2337 2776 3243 3675 4117 4609 5200 6133 6562 8634 11188 12063 14992 13561 12346
19242 25750 21648 19383 20021 20078 19411 21809 22910 18990 15942 11772 9687 10049 10030 9836 9606 8962 8279 7513 6723 7216 7982 8398 8799 9972 10972 9581 9147 9511 11814 11872 11277 9639 8296 7888 7495 7054 6988 6775 6360 5952 5985 6345 6501 6542 6838 6581 6286 6373 6670 6450 5458 4756 4370 3822 3391 2816 2590 2632 2640 1855 1737 1597 2051 2027 1984 1486 1842 2111 2700 3072 3534 4082 4630 5559 6843 8584 9373 12960 14775 16036 13818 12958
27460 23639 22017 19903 19543 18943 18634 18372 16783 13378 10268 8889 13855 13955 10050 10173 9741 9412 8307 7594 5727 4466 6843 8703 10810 14210 13668 10397 9810 12341 12496 11555 9944 9132 8065 7671 7242 7157 6997 6804 6321 6123 6296 6811 7113 7138 7461 7250 7094 6941 6796 6364 5189 4851 4595 4507 4236 3861 3369 2917 2616 2102 1486 1858 1982 2123 2055 1524 1621 2027 2372 2707 3233 3618 4192 5170 7088 8292 9136 10600 15501 11936 11872 11617
25773 24144 22633 19725 18269 17014 17159 15204 13966 12066 10715 10100 10221 16168 17176 12059 9969 11317 11231 8801 8113 9019 11386 11383 13042 15942 17611 12780 11777 13323 20442 17422 11748 8789 7672 7456 7399 7210 7083 6671 5908 5555 6594 7223 7672 8045 8009 7895 7643 7280 6805 6182 5230 4987 5037 5266 5021 4657 4092 3491 2893 2536 2243 2125 2266 2281 2174 1572 1553 1771 2060 2381 2751 3132 4124 5222 7290 8362 9032 10699 11032 11170 11079 10558
23691 23143 22248 19271 15984 14781 13975 13470 12550 10792 10989 10145 10800 11478 12855 21443 22633 20372 16484 11838 8771 10609 11621 12420 13360 13661 13484 12826 12770 12677 13861 17433 15879 9190 7494 7658 7684 7468 7200 6446 5701 5274 6532 7701 8068 8476 8508 8183 7989 7450 6921 6265 5500 5958 5920 5961 5716 5379 4702 3974 3491 2985 2755 2635 2647 2547 2344 1623 1515 1665 1991 2324 2656 3247 4193 5567 7688 9278 9647 15942 9385 9719 9634 9346
21451 20997 19770 15727 13364 12445 12343 11380 10869 9780 10539 11764 12874 13459 16479 17204 18065 20840 17087 10461 9702 10629 11409 12050 12802 12898 12761 12419 12282 12078 11848 12294 13486 13887 7728 7909 7838 7741 7395 6897 6138 5698 7313 8085 8468 8722 8762 8496 8097 7773 7380 6932 6670 6554 6545 6436 6182 5649 4885 4345 4014 3616 3325 3247 3123 2872 2633 2027 1553 1750 2015 2365 2820 3347 4576 6314 8530 9933 10032 15981 9561 8846 8358 7689
20847 20101 18424 15954 12929 10857 9805 9692 9536 9083 10063 12077 13041 14253 16878 17493 17850 16757 15649 13521 11248 10547 11034 11514 11998 11864 11739 11474 11538 11369 11105 10834 9630 14070 11627 7971 8134 8108 8034 7859 7838 7975 8407 8716 8967 9256 9016 8729 8625 8433 8134 7741 7541 7406 7299 7092 6714 6030 5429 4862 4610 4281 4080 3987 3698 3320 3009 2390 1878 1860 2016 2379 2648 3479 4865 6745 8947 9827 9135 14444 9714 9830 9296 8423
19312 19152 18603 16598 12652 10590 8646 7954 8079 8158 9743 12148 13504 14736 16037 16803 17072 16350 15764 14337 11817 11261 11042 11376 11519 11322 10896 10971 10736 10591 10430 9913 9352 8005 11365 8400 8317 8118 8416 8685 9032 9195 9234 9417 9703 9643 9403 9243 9279 9145 8796 8581 8353 8165 7947 7540 6962 6282 5756 5207 5082 4936 4793 4502 4174 3642 3254 2541 1909 1359 1151 1450 1763 2378 3649 5420 7261 8222 7659 13577 10113 10110 9612 8743
18212 17977 17709 17096 14553 10201 8477 7111 7200 8237 9796 11399 12279 13241 14579 15369 15839 15740 14947 13879 12227 11390 10838 11020 11020 10755 10348 10058 10163 10082 9637 9269 8398 7202 10693 10175 8422 8275 8556 9033 9665 9999 9934 9998 10377 10091 9889 9584 9959 9600 9337 9060 8862 8523 8226 7741 7258 6650 5767 5227 5453 5312 5182 4859 4322 3740 3218 2324 1953 1449 1291 1308 1613 2058 3006 4225 5694 6797 6368 11536 10144 10125 9656 8935
16206 16705 17227 16663 15486 12805 8768 7361 6607 7425 9111 10225 11090 11894 12748 13469 14159 14436 13467 12687 11939 11196 10801 10792 10385 10020 9916 9872 9694 9638 8861 8946 7735 7514 7940 9801 8820 8012 7972 8860 10430 10701 10759 10588 10860 10932 10730 10594 10449 10103 9797 9383 9174 8806 8369 7677 6930 6176 5502 5464 5629 5525 5373 4933 3706 3069 2839 2449 2246 1763 1620 1391 1477 1699 2391 3469 4542 5565 5792 12458 10544 10409 9769 8933
14630 15185 16053 15649 15165 14003 9307 8190 7459 7148 8777 9357 10141 10930 11605 12311 12835 13051 12552 12016 11333 10603 10373 10007 9741 9706 9413 9519 9320 8890 8730 7577 7418 7821 8538 10757 10053 7933 6391 7324 10633 12068 12188 12106 11865 12057 11763 11564 11191 10690 10114 9658 9375 10301 10932 10837 9879 8650 7489 5317 5500 5618 5254 4560 3482 3072 2935 2620 2587 2264 1846 1730 1545 1586 1965 3129 4630 5286 5900 13184 10911 10675 10078 9146
12994 13313 14185 14857 15215 14605 12919 9121 7969 7425 8314 8575 9184 9894 10709 11313 11624 11958 11965 11254 10585 10114 9584 9379 9064 9013 9049 9011 8888 8554 8948 9887 10376 11198 11783 10587 12752 12349 10560 11559 13670 18608 15489 13731 13107 13240 13019 12840 12196 11305 10563 11079 11006 12015 11455 12405 12291 11692 11438 10919 8523 8495 4412 3639 3215 3147 3039 3313 2975 2579 2246 1996 1802 1956 2213 4039 5250 6002 6241 11007 11194 10496 9960 9000
11992 12088 12913 13721 13978 14415 13463 11741 9764 8543 8096 8294 8442 9152 9863 10451 10712 10824 11025 10663 10021 9529 9013 8706 8313 8235 8323 8185 8146 8479 9351 10277 11755 12779 13730 14746 15701 15427 14811 16676 16955 17596 19799 20368 18417 13549 11963 13408 12460 11732 12329 11830 11463 10191 9248 10637 10229 9683 9862 9354 9159 9817 9147 3390 3133 3151 3391 3720 3422 2973 2638 2380 2271 2316 3229 5029 6273 6963 10733 12902 10864 10498 9798 8892
11192 10729 11150 12286 13019 13473 12915 12442 11238 9311 8470 7783 7971 8540 9359 9544 9827 9916 10212 9909 9383 8932 8416 8019 7918 7578 7626 7717 7706 8473 9692 10880 11845 13346 14096 16351 18173 18448 17919 15726 16557 17771 18989 19978 27289 26453 23598 22802 14189 16108 16004 14899 12984 10236 8771 6631 6990 6208 6566 6692 7566 8031 8017 7741 5753 3521 4004 4044 3751 3375 3040 2766 2663 2756 4412 6466 7246 7576 12236 13963 11752 10513 9866 9024
10951 10244 10453 10712 11643 12100 11919 11508 10922 9769 8427 7502 7208 8147 8639 8696 8829 9132 9264 9241 8541 8214 7622 7553 7302 7240 7118 7053 7645 8689 9631 10830 12260 13143 15480 17623 18541 18350 18022 17522 16300 17091 21950 25640 25683 22596 22376 23133 29953 30622 22384 19404 14654 10385 8437 6102 4618 4714 5175 6024 6670 7400 7469 8081 7968 7745 6418 4281 4070 3782 3384 3229 3211 3493 5783 7495 10355 10698 14232 14616 12191 11249 10303 9320
11209 10106 9577 9689 10124 10614 10588 10384 10000 9451 8549 7689 7393 7630 7816 8102 8114 8445 8565 8525 7801 7411 6955 6870 6859 6844 6760 6738 7408 8402 9827 11218 12244 14487 16075 17297 17607 17272 17396 17310 17142 19470 24418 25614 25465 22845 22878 24016 24802 26004 28805 22750 17694 12147 9030 7053 4889 3724 3193 3950 5558 6012 7317 8632 9985 11484 12227 10597 9258 3989 3800 3882 4912 9609 11999 12935 13976 15073 23836 14817 12578 11603 10582 9599
9645 9041 8762 8670 8919 9062 9119 8940 8737 8367 7725 7249 7055 7225 7355 7417 7429 7864 7819 7791 7494 7285 6951 6555 6193 6426 6443 6501 7297 8383 9826 10926 12919 14153 15235 16125 16823 16417 16622 16746 18386 21933 24101 24684 23902 21966 22233 23790 24759 25283 23222 26109 24311 16241 11668 7941 6185 4683 3635 3368 4837 5705 8097 9266 10864 11956 13697 15605 16957 17052 13826 11575 14390 17206 17833 19962 21034 20339 24902 23914 11879 11738 10856 9979
8789 7884 7886 7759 7755 7664 7733 7551 7376 7206 6757 6476 6541 6591 6864 6926 7125 7125 7330 7335 7039 7016 6597 5529 5819 5812 6028 6460 7332 8697 9674 11293 12027 12754 13679 14908 14883 15445 15440 16608 19620 22127 23172 23111 21675 20712 21645 22486 23719 23941 22653 22008 23635 23803 16436 12934 8994 5718 4245 5594 5434 7008 10057 11405 12845 14099 15363 16455 16829 16787 17543 18555 19105 18310 19303 19835 20978 22083 21838 28379 21146 11841 11227 10443
7783 7209 6944 6787 6726 6803 6685 6542 6505 6336 6141 5901 6028 6272 6476 6477 6582 6780 6768 6783 6732 6622 6087 5585 5483 5661 6090 6533 7535 8532 9809 10730 11034 11317 11723 12187 13208 13994 14744 16042 20277 21466 21636 20366 19456 19282 20247 21001 21825 22436 22242 22925 20990 20612 22388 17366 12633 11146 8897 7814 8539 8264 10363 11236 12472 13590 14873 15756 16434 17211 17773 18071 18339 18510 19068 19596 20192 20711 21150 20851 26545 20578 11406 10899
6878 6297 6062 6078 6031 6130 6176 6071 5926 5802 5752 5594 5509 5690 5812 6135 6438 6593 6554 6516 6446 6265 5627 5151 5213 5315 5719 6527 7329 8159 9410 9802 10114 10157 10509 10587 10723 11707 13544 16453 19846 20343 19251 18018 17718 17456 18082 18921 19660 20125 20769 21180 21664 20851 19570 20142 18103 12473 10072 9530 8834 8360 9914 10761 11619 12825 14149 15061 15723 16581 17113 17395 17683 18077 18504 18998 19483 19999 20362 20260 19701 25145 19559 10726
5909 5589 5379 5287 5613 5722 5800 5680 5499 5356 5101 4923 4847 4986 5247 5485 5726 6027 6152 6092 5939 5704 4997 4823 4877 4730 5137 6097 7111 7896 8861 9019 9080 9181 9369 9451 9288 9541 11691 16119 18607 19098 16930 16438 15609 15293 15652 16338 17087 17810 18263 18875 19518 20374 18918 18537 17811 16207 13294 9585 8835 9394 9637 9980 10722 12073 13155 14141 14878 15524 16212 16553 16856 17143 17572 17999 18672 19167 19352 19415 19152 18214 22852 20542
5233 5026 4890 4897 5314 5475 5534 5365 5009 4802 4666 4259 4305 4352 4555 4917 5117 5323 5590 5472 5284 4902 4763 4560 4306 4395 4846 5933 6770 7712 8179 8253 8004 8012 7879 8368 8075 8057 8341 11532 17937 16371 14839 13196 12513 12562 12800 13310 14043 14620 15258 16063 17128 18106 18535 17345 16935 16339 14705 11431 9703 9010 9056 9070 9991 11152 12099 13203 13765 14412 15008 15541 15710 15998 16341 16923 17417 18022 18210 18296 18173 17356 16338 17207
5382 5143 4877 4721 5041 5227 5275 5100 4740 4409 4300 3939 3888 4006 4211 4389 4716 4926 4956 4959 4954 4650 4319 4296 4307 4507 4697 5910 6758 7331 7262 7152 6619 7066 7672 7104 7250 6807 6901 11974 17193 14025 11840 11107 10743 10961 11323 11762 12434 12695 12949 13493 14806 15754 16432 16282 15844 15543 14492 11483 9927 8590 8347 8388 8830 9881 10967 11684 12469 13049 13651 14042 14446 14848 15128 15584 16083 16448 16681 16688 16557 16040 15511 15126
5470 5190 5033 4901 4954 4950 4979 4972 4562 4227 4074 3763 3743 3736 3871 4051 4192 4330 4499 4606 4540 4244 4170 4402 4368 4641 5549 6042 6778 6747 6551 5891 6385 6748 6593 6486 6797 7023 7068 15686 14735 11008 10704 10238 9725 10074 10449 10885 11296 11401 11045 11031 13271 14344 15031 14907 14925 14983 13804 10740 8863 6801 7012 7281 7809 8780 9790 10642 11316 12003 12510 12992 13364 13742 14140 14511 14794 14849 14971 15041 14559 14785 14270 13689
5257 5100 4840 4715 4645 4584 4617 4626 4358 4045 3883 3586 3413 3359 3545 3732 3727 3787 4006 4028 4239 4288 4111 4361 4797 5206 5917 6630 6698 6038 5873 6053 5730 6192 8200 9096 9742 10445 13100 17648 12822 11317 10634 10027 9500 9356 9976 10105 10490 10222 9768 10427 12048 13400 14066 13979 14276 14211 13270 11431 7217 6075 5629 6200 6810 8063 9312 10014 10595 11160 11937 12426 12662 13087 13188 13556 13615 13769 13461 13538 13407 12753 12320 11759
