gridcompare/merge_qsort_arctan_results.asc
ncols         391
nrows         472
xllcorner     271845
yllcorner     3875415
cellsize      30
NODATA_value  -9999
[rows 222 to 258 of 472, columns 168 to 251 of 391]
5599 7410 7054 3678 2955 2591 2365 2161 2029 1888 1711 1560 1409 1455 1590 1728 2271 2929 3606 4205 4827 5554 6546 7650 8973 9298 9164 9013 8881 8849 9077 9411 9683 10370 11003 11953 9806 7922 7471 8828 9571 10042 11121 10579 6535 5263 5741 6790 7423 7939 8879 8783 7915 8349 8895 9383 9590 9540 9574 9937 10365 11126 11657 12406 13035 11216 11065 9863 9143 7619 4883 3600 3262 3731 5084 6260 6983 7142 6501 5924 5707 6488 7102 7784
4569 7118 7305 3619 2960 2600 2250 2086 1938 1782 1657 1596 1464 1342 1489 1537 1720 2492 3287 3871 4676 5505 6476 7613 8646 9012 8706 8261 8531 8478 8806 9044 9485 10102 10566 11129 9702 7766 7379 8622 9481 9974 11044 11944 8178 4463 4277 5207 6057 6564 7610 7678 7599 7545 8040 8617 8727 8574 8624 8987 9630 10290 10852 11442 11891 11073 11086 10063 8648 7792 5734 4060 3732 3471 4020 5599 6527 6762 6080 5768 5957 6451 7233 7851
4475 7137 6927 3440 2954 2640 2243 2034 1870 1712 1610 1508 1433 1353 1353 1419 1575 1979 3095 3663 4461 5287 6390 7540 8162 8505 8232 7749 7778 8007 8368 8784 9200 9800 10358 10580 9348 7475 7611 8879 9349 10089 11335 12321 10099 5109 4444 4620 5583 6386 6943 7294 7189 7410 8301 8570 8129 7810 7906 8561 9156 9804 10090 11163 10434 9914 10274 11002 8459 7723 6900 5032 4279 3648 3524 4753 6011 6515 5768 5386 5995 6557 7228 8039
4757 7508 7128 3708 3143 2809 2234 1852 1674 1629 1562 1445 1379 1381 1314 1280 1396 1604 2614 3468 4146 4797 5782 6824 7456 7801 7582 7112 7309 7447 7711 8195 8880 9453 9811 9748 8621 7598 8126 8757 9139 10030 11394 12466 10161 5955 4442 4402 5174 5919 6479 6703 6571 7207 8349 8100 7143 7209 7557 8083 8649 9179 9391 10217 9549 8899 9349 10551 9053 7513 7133 6408 6021 5595 4352 4794 5774 6165 5994 5767 6061 6714 7421 8449
4326 6895 8196 6563 3652 3153 2551 2001 1693 1521 1538 1406 1321 1315 1287 1125 1168 1386 2052 3180 3841 4537 5301 6042 6528 6929 6956 6468 6656 6786 7126 7398 8109 8609 8999 9002 7954 6919 7917 8438 9061 10083 10838 12871 9731 6223 4260 3755 4366 5203 6008 6390 6141 7283 7839 7208 6793 6751 7107 7590 8009 8524 9059 9257 8665 8309 8803 9944 9603 7061 6947 6459 6421 5912 5492 5334 5678 6008 5750 5931 6265 6982 7908 8587
4511 6613 8746 8815 5872 3527 3079 2276 1906 1827 1726 1462 1350 1235 1137 1079 1038 1203 1761 2643 3378 4075 4687 5158 5688 6052 6096 6020 6058 6197 6480 6709 7318 7749 8257 8076 7102 7126 7514 8233 9008 10098 10737 12587 10152 8670 4317 3698 3386 4496 5214 5683 5520 6714 7273 6825 6474 5969 6540 6980 7434 7844 8514 8188 7910 7913 8282 9212 9599 7038 6743 6536 6381 6239 6018 6351 6786 6170 5288 5602 6260 7112 7853 8402
4310 5894 7780 9144 8435 5357 3368 2935 2639 2317 1960 1634 1370 1251 1133 1061 995 1061 1526 2245 2977 3565 4125 4410 4813 5187 5315 5344 5367 5676 5946 6136 6674 7028 7433 7231 6760 6712 7351 8079 9191 9880 10293 11627 11269 8918 6049 3936 3395 3799 4634 5009 4872 6107 6658 6645 6123 5749 6112 6391 6929 7746 7755 7555 7388 7368 7868 8902 9221 7941 6044 5923 6414 5878 6265 7059 7263 7415 5702 4335 5047 7077 7652 7873
4042 5742 7512 8740 8775 7206 5399 3633 3062 2639 2244 1775 1481 1367 1241 1159 1077 1050 1346 1923 2376 2774 3195 3555 3834 4208 4336 4486 4744 5194 5444 5626 5889 6369 6524 6499 6233 6384 7109 8075 8918 9508 9676 9748 11613 9282 8194 4432 3492 3207 3875 3456 4265 5050 6356 6351 5908 5473 5721 6048 6483 6874 7388 6583 6800 6990 7385 7927 8925 7692 6245 5935 5636 5954 6265 6861 7529 8178 7712 3657 2327 6056 7093 7437
3969 5392 6195 8082 8525 8082 7871 7183 4433 3153 2583 2062 1725 1525 1417 1252 1157 1097 1207 1679 1990 2090 2378 2768 3274 3526 3801 4046 4373 4681 4944 5150 5435 5674 5927 5828 5868 6243 7042 7995 8526 8757 8775 9091 10784 10326 7934 6618 3451 2945 2523 2317 2898 4598 5955 6171 6145 5577 5541 5796 6078 6821 6847 6638 6530 6639 7042 7615 8487 8237 6019 5653 6026 5871 6195 7020 7532 8288 8397 5217 2910 3386 6219 6714
3902 4940 5644 7567 7570 8002 7468 7835 6462 5347 2786 2278 1823 1544 1451 1273 1184 1053 1091 1338 1636 1706 2031 2379 2838 3018 3303 3571 3861 4278 4564 4626 4846 5042 5083 5161 5237 5910 6783 7505 7844 7793 7889 8268 8692 10375 8037 6854 3870 2648 2309 1904 2046 3487 5555 6144 6158 6065 5911 5926 5934 6485 6560 6384 6254 6367 6787 7157 8208 8028 7093 5582 5102 5439 6257 6709 7315 7783 8409 6837 4291 2423 4099 4574
3815 4554 4942 5823 6553 6796 6653 6706 6591 5407 4435 2144 1773 1465 1359 1249 1110 961 884 1195 1565 1826 2091 2350 2637 2883 3085 3223 3527 3777 4030 4010 4135 4313 4363 4451 4803 5390 6133 6674 6838 6860 7138 7615 8202 9745 9257 6551 4362 2750 2441 2215 1911 2927 5026 5707 5949 6133 5939 6000 6011 6257 6347 6141 6022 6050 6495 7012 7617 7788 6835 6540 4455 4984 5465 6423 6797 7048 7898 7966 4565 3415 3062 3004
3538 3925 4242 4343 5698 5701 5868 5740 5912 5283 4287 2821 1635 1465 1299 1114 956 848 964 1347 1620 1907 2163 2538 2770 2820 2607 2622 2920 3186 3512 3487 3622 3594 3785 3991 4266 4822 5324 5615 5860 5926 6340 6996 7390 7989 9292 8805 5567 3089 2702 2360 2255 3102 4497 5397 5605 6133 6185 6198 6062 5841 6071 5992 5826 5885 6220 6875 6642 7241 7117 6337 4291 4153 4968 5636 6256 6490 6994 7437 4570 3643 3068 2827
4184 4065 3579 4429 4584 5022 4977 4975 5184 4839 3909 3431 2759 1539 1187 1018 904 965 1385 1657 1851 2148 2481 2783 2845 2726 2227 2141 2315 2461 2491 2460 2496 2566 2829 3086 3611 4061 4582 4801 4992 5303 5757 6270 6955 7428 8181 9845 7306 5451 3077 2622 2452 3169 4381 5341 5539 6048 6500 6300 5936 5649 5591 5753 5737 5782 6037 6453 6477 6530 6394 5774 5575 5296 5013 5444 5609 5895 6095 6584 5256 3220 3040 3355
3050 3253 3550 3676 3893 4117 4032 4116 4434 4430 4158 3320 2823 2438 1290 910 961 1353 1922 2357 2532 2374 2632 2903 2970 2780 2608 2500 2411 2530 2411 1743 1797 1693 1916 2182 2662 3208 3775 4148 4250 4533 5207 5871 6487 7320 7953 9332 8917 6225 5663 4021 2612 2964 4119 4990 5212 5051 6140 6476 6561 5286 4830 5261 5537 5647 5822 5882 5733 5772 5632 5574 5515 4984 5231 5327 5401 5495 5667 5791 5421 4500 4783 4937
2659 2184 2288 2602 3024 3263 3425 3533 3690 3800 3788 3466 3105 2191 1771 1174 1354 1970 2681 3093 3162 2970 3152 2947 3020 2988 3081 2895 3027 2853 2409 1693 1663 1491 1311 1533 1883 2386 2824 3259 3504 3906 4659 5343 6164 6733 7090 8356 7942 7269 7296 5405 3824 2477 3545 3662 4428 4840 5460 6377 6741 5570 5182 4852 5394 5276 5383 5383 5317 5204 5322 5215 5333 5189 5203 5254 5183 5226 5248 5271 5222 5188 5324 5269
2419 1921 1471 1770 2221 2525 2778 2918 2995 3093 3157 3149 2833 2043 1722 1536 2214 2875 3400 3612 3793 3397 3511 3461 3440 3436 3628 3440 3921 3839 2542 2155 1848 1581 1326 1230 1441 1717 2140 2541 2853 3230 3800 4546 5262 5528 5740 5767 6544 6785 7483 6927 5333 4368 3351 3328 4029 4632 5196 6047 6394 6090 5138 5337 5327 5544 5360 5158 4899 5125 5214 5263 5253 5239 5144 5225 5113 5156 5013 5126 5166 5280 5480 5599
2080 1502 1223 1163 1627 1948 2100 2268 2358 2431 2665 2832 2926 2331 2251 2667 3038 3397 3685 3970 4193 3773 3496 3386 3299 3252 3565 4297 4313 4255 2609 2409 1928 1613 1425 1310 1252 1359 1647 2013 2180 2531 3039 3624 4132 4169 4418 4689 4690 5158 5440 7086 6456 5699 4137 2789 3368 4052 4802 5557 5865 5877 5633 5486 5382 5484 5509 4325 5042 4983 5222 5196 5145 5232 5328 5139 5179 4992 4970 4891 5190 5358 5639 6013
2230 1278 1034 1105 1466 1717 1875 2063 2184 2268 2416 2595 2937 3196 3243 3243 3444 3696 3967 4266 4011 3807 3768 3610 3233 3284 3352 4289 4699 4002 3368 2835 2165 1791 1572 1414 1291 1252 1530 1820 2002 2137 2514 2914 3325 3180 3302 3567 3860 4158 4853 5128 6456 6430 4716 4060 3637 3941 4398 5071 5425 5437 5478 5242 5389 5405 5355 5005 5032 5089 5072 5152 5260 5278 5448 5377 4792 4032 4272 4464 4954 5529 5980 6448
2268 1807 1301 1437 1412 1663 1872 1971 2149 2385 2643 2899 3100 3407 3515 3622 3868 3770 3969 4535 4361 4198 4197 4068 3945 3846 4616 5020 5150 4131 3978 3345 2502 2105 1838 1580 1383 1293 1272 1657 2003 2076 2183 2291 2540 2340 2491 2595 2916 3350 3822 4433 5336 5924 5483 4266 3683 3923 4181 4467 4667 4675 5023 5066 5031 5218 5137 5035 5089 5064 5156 5178 5360 5513 5544 4535 3965 3642 3919 4258 4781 5277 5881 6359
1976 2043 1909 1965 2093 2155 2227 2304 2134 2554 2797 2951 3234 3663 3930 4196 4411 4472 4618 4769 4934 4744 4650 4750 4744 5371 6183 5094 4633 4578 4215 3421 3005 2586 2100 1762 1469 1328 1449 1694 1880 1954 2028 2080 2066 1832 1983 2202 2387 2697 3079 3544 4186 4827 4797 4360 3492 3504 3748 3916 4046 4207 4796 4677 4857 4708 4820 4834 4956 5050 5249 5184 5451 5632 5813 5632 4152 4044 3873 4178 4456 4545 4832 4999
1926 1927 2059 2129 2389 2555 2589 2703 2407 2317 2605 3036 3481 3884 4291 4622 4901 5074 5253 5451 5582 5762 5960 6164 5455 5885 6879 5142 5190 5048 4215 3718 3224 2850 2506 2107 1743 1633 1732 1755 1870 1828 1868 1959 2051 2140 2261 2270 2297 2464 2715 3193 3685 4248 4303 3733 3496 3360 3606 4008 4129 4224 4630 4711 4561 4613 4599 4676 4749 5017 5202 5107 5332 5769 5932 5968 4707 4445 4282 4581 4891 5031 5260 5593
1917 2046 2238 2524 2788 2859 2975 2703 2656 2589 2936 3358 3785 4183 4527 4875 5194 5398 5577 5734 5863 6036 6438 7071 7712 6907 7482 5715 5976 5042 4354 3797 3306 3068 2836 2536 2232 2135 2162 2063 1855 1857 1829 1867 1945 2017 2214 2313 2278 2381 2658 3046 3451 3572 3516 3418 3395 3386 3864 4174 4360 4664 4679 4703 4479 4456 4264 4361 4831 4890 4811 4938 5229 5762 6296 6461 6260 4824 4826 5351 6071 6387 6163 6490
2203 2448 2660 2999 3034 3020 2359 2254 2173 2420 2994 3453 3932 4296 4667 5053 5264 5502 5663 5893 5965 6080 6467 7228 8057 9411 10823 6681 5950 4939 4456 3973 3625 3447 3194 3048 2862 2852 2756 2474 2104 1878 1904 1859 1940 1984 2104 2254 2298 2450 2707 3024 3347 3371 3321 3534 3640 3869 3998 4172 4310 4776 4709 4696 4593 3982 4610 4402 4661 4267 4354 4678 5249 5591 6089 6446 6262 5267 5104 5581 6706 7364 7728 8216
2601 2849 3125 3288 2885 2014 1479 1201 1326 1980 2759 3405 3868 4231 4528 4857 5122 5393 5608 5791 5992 6230 6898 7753 9606 11306 12986 10018 6503 5583 4566 4166 3811 3744 3592 3381 3326 3206 3043 2747 2428 2262 2017 2020 2009 2062 2194 2401 2482 2702 2735 2967 3158 3484 3715 3628 3653 3690 3729 3864 4276 4675 4541 4633 4828 4863 5094 4820 4465 4435 4248 4575 5110 4885 5411 6102 5836 5573 5483 6238 7111 7873 8584 9226
2965 3352 3470 3310 1910 1644 1291 1056 1221 1841 2546 3206 3706 4207 4565 4751 4997 5211 5368 5611 6034 6049 6694 8176 9346 9040 11849 9744 8476 5903 5260 4327 4000 3870 3796 3713 3535 3454 3129 2805 2401 2266 2144 2030 2085 2170 2340 2443 2717 2846 2949 3047 3341 3414 3635 3382 3401 3482 3527 3861 4216 4544 4552 4724 4997 5360 5754 5920 5437 4909 4583 4883 5487 5162 5323 5701 6100 6066 5737 6178 7328 8142 8898 9643
3343 3723 3766 2694 1958 1489 1227 1317 1524 2244 2963 3453 3877 4299 4630 4919 5059 5265 5344 5401 5405 5654 6040 7447 8411 7855 9155 8259 7767 7207 5512 5227 4774 4359 3966 3436 3202 3042 2717 2487 2269 2254 2168 2135 2117 2135 2208 2432 2593 2866 2984 3091 3328 3491 3310 3338 3376 3428 3584 3904 4060 4304 4486 4588 5020 5677 6193 6653 6660 5670 5107 5239 5966 5598 5804 5777 5791 6192 6377 6524 7586 8118 8999 9693
3575 3732 3460 2216 1712 1550 1574 1811 2308 2732 3376 3767 4151 4533 4854 5143 5379 5505 5359 4874 4550 4587 5335 6755 7354 7298 7680 6871 6981 6768 6283 5926 5273 4161 3502 3199 2941 2768 2634 2408 2267 2277 2247 2254 2114 2208 2214 2328 2507 2826 2984 3201 3178 3094 3248 3327 3132 3330 3664 4021 4159 4194 4275 4541 5000 5439 6215 6669 6905 6912 6915 6715 6389 6130 6084 5566 5433 6198 6907 7482 8092 8417 9312 10026
3579 3537 3130 2094 2086 2258 2414 2704 3034 3238 3661 4100 4473 4766 5007 5280 5538 5654 5294 4400 3678 3569 5485 6424 6314 6120 5770 6591 5709 5603 5453 5222 4754 3873 3159 2811 2678 2623 2745 2605 2546 2625 2553 2461 2325 2292 2208 2371 2627 2914 2984 2891 2902 3042 3096 3121 3128 3475 3995 4262 3977 4117 4019 4422 4725 5174 5904 6327 6647 6889 7139 7543 7402 6672 6369 5702 5593 6036 6970 7678 8256 8518 9476 10233
3549 3199 2633 2418 2980 3055 3208 3202 3442 3653 4152 4486 4720 5025 5269 5456 5714 5781 5423 4932 4311 4204 4936 5231 4302 3885 4941 4956 4466 4295 4019 3879 3447 3016 2680 2675 2699 2697 2867 2925 2888 2967 2851 2718 2473 2388 2251 2375 2739 2562 2359 2801 3080 3026 3119 3357 3449 3764 4629 4957 4278 4051 4044 4180 4399 4990 5571 6017 6442 6872 7354 7929 8530 8009 7010 5969 6087 6110 6972 7443 8126 8567 9441 10321
3515 3234 2643 3027 3418 3658 3643 3662 3840 4207 4488 4787 5056 5204 5452 5638 5829 6032 7301 7054 5852 4831 4692 4226 2066 2211 3447 4081 3857 3694 3208 2905 2685 2572 2680 2714 2760 3016 3160 3216 3304 3206 3093 3017 2746 2462 2315 2562 2604 2271 2036 2670 3466 3458 3406 3643 3678 4017 5016 5461 4542 4428 4419 4364 4342 5119 5686 6041 6293 6748 7624 8148 8641 8323 7569 6820 6483 6360 6762 7410 8023 8584 9627 10516
3441 3126 2986 3228 3613 3875 4008 4110 4151 4479 4719 5010 5205 5305 5451 5562 5842 6370 8501 7496 5456 4624 3493 2915 1982 1570 1897 2867 3498 3138 2572 2291 2235 2361 2383 2885 3323 3476 3696 3647 3507 3427 3312 3107 2561 2285 1934 2665 2939 2753 2771 3217 4030 3587 3577 3903 3925 4463 5605 5979 5368 4740 4723 4415 4477 5386 5722 5839 6112 6631 7514 8391 8990 9612 8411 7928 7130 6906 7098 7520 8162 8509 9745 10659
3608 3451 3153 3279 3679 3991 4155 4274 4290 4430 4661 5006 5223 5333 5273 5283 5532 6315 8703 6655 4608 3937 3512 2926 2585 1605 1599 2192 2701 2637 2194 2178 1889 1673 2333 3216 3953 4270 3882 3710 3969 3880 3385 2814 2378 1979 2587 3156 3257 3544 3988 4745 4987 4152 3832 4144 4507 4873 5652 6284 6455 5814 5033 4637 4774 5476 5666 5482 5741 6477 7423 8211 9034 9998 10212 8933 8139 7827 7805 8014 8676 9386 9410 10680
3632 3658 3193 3498 3793 3970 4090 4188 4204 4296 4621 4931 5008 4967 4904 5021 5303 6191 7926 6285 4912 4205 3466 3044 2710 2375 1768 1764 2042 2241 2059 1760 1270 1824 2449 3240 4651 4770 3961 4152 3933 3342 3018 2590 2207 2200 2700 3226 3519 3822 4544 5782 6072 4564 4069 4180 4501 4737 5354 6148 6639 6346 5160 4978 4839 4973 4870 4374 5031 6009 7345 8153 9104 10292 11244 10274 9603 8279 8657 8961 9565 10316 10829 10786
3985 3910 3681 3713 3928 4112 4218 4268 4463 4552 4724 4929 5075 5107 4983 5039 5894 6371 8174 6476 5797 4853 4066 3648 3261 2849 2510 2364 2216 2092 1773 1304 1457 1876 2459 3519 5063 4813 4385 3861 3563 3106 2459 2137 2588 2500 2549 2829 3432 4019 4918 6190 6832 6476 4480 4078 4084 4426 5223 5931 6234 5499 4314 3778 3301 3122 3577 3694 3933 5551 7019 8008 8839 9740 11263 10533 10293 9564 9561 10053 10309 10965 11336 11397
4267 4091 4002 4014 4228 4335 4407 4591 4822 4903 5070 5467 5735 5809 5808 6011 6528 8038 8863 7161 6469 5438 5013 4307 3960 3568 3124 2755 2657 2157 1682 1893 2361 3170 3928 5274 5470 4905 4000 3620 3180 2645 2120 2086 2132 2141 2397 2567 3295 3837 4556 5541 6598 6803 6468 4585 4501 4616 4825 5326 5658 5410 4353 4033 2760 3017 2772 3026 3846 5399 6978 7934 8731 9670 11351 10622 10388 10280 10227 10501 11325 11653 11921 12001
4757 4398 4179 4245 4396 4498 4524 4701 5059 5398 5566 6045 6449 6617 6101 6406 8057 10650 10835 8338 6478 5874 4946 4848 4868 4751 4431 4052 3748 2907 2136 4256 5851 6760 8411 7208 5708 4506 3628 3051 3051 2653 2609 2025 1942 2268 2385 2479 2818 3322 3953 4722 5583 6618 7028 7124 5283 5402 5635 6013 6272 6062 5856 5694 5419 4964 4731 4769 5149 5946 7327 7996 8872 10325 11562 11564 11911 11734 11767 12147 12600 13820 14675 16562
5511 5142 4842 4763 4792 4676 4667 4808 5182 5563 5914 6831 7546 7259 8857 10064 11840 11811 11071 8404 6938 6039 5641 5544 5947 5768 5661 5169 5474 4536 4917 5364 6772 9147 10395 8643 5039 3842 3446 2992 3009 2588 2273 1900 2037 2257 2385 2423 2570 3050 3516 4041 4815 5823 6967 7813 7966 7286 6535 6705 6989 7210 7306 7422 7292 7089 6860 6701 6863 7494 8558 9346 10403 11516 12824 13370 13484 14255 14997 15774 16466 16504 17352 16593
