gridcompare/set1_merge_results.asc
ncols         391
nrows         472
xllcorner     271845
yllcorner     3875415
cellsize      30
NODATA_value  -9999
[rows 370 to 406 of 472, columns 0 to 83 of 391]
-9999 -9999 204 206 249 263 319 374 395 434 488 540 534 611 689 841 1223 1439 1945 2591 2896 3218 3252 2875 2636 2279 2278 2118 2022 1931 1830 1652 1273 1206 1848 2446 2402 1846 1583 1531 1301 1122 898 1361 1632 1987 2162 2422 2881 3427 2474 2007 1686 1441 1392 1391 1606 2155 2544 2874 2675 2400 2292 2159 2373 2279 2528 2703 2701 2512 2111 1928 1761 1581 1474 1364 1153 1035 1064 1162 1635 2280 2160 2377
-9999 -9999 260 203 258 299 344 430 484 529 534 501 591 671 859 918 1282 1645 2108 2218 3107 3480 3406 3188 2809 2422 2185 2080 2014 1960 1859 1615 1445 1410 1681 1958 1910 1777 1736 1405 1261 1025 756 1043 1362 1625 1806 2123 2541 3185 3631 2299 1976 1660 1588 1713 1778 2125 2630 2933 2798 2580 2428 2274 2503 2410 2673 2889 2888 2552 2164 1905 1714 1595 1570 1513 1398 1165 1156 1361 1865 2569 2457 2537
-9999 -9999 279 319 303 408 480 676 808 906 585 574 662 749 985 1590 1693 2576 2655 2530 3929 4034 3803 3521 3099 2651 2388 2170 1966 1875 1814 1675 1469 1447 1474 1852 1836 1831 1620 1355 1219 1066 730 925 1291 1613 1808 1888 1902 2316 3088 3283 2366 1768 1784 1830 1983 2239 2575 3001 2824 2882 2718 2579 2500 2783 2902 3060 2900 2427 2137 1950 1703 1567 1555 1567 1398 1156 1149 1450 1960 2662 2613 2714
-9999 -9999 308 364 446 550 693 923 1004 1151 1353 1389 1595 1648 1824 1865 2145 1871 3022 3923 5227 5224 5213 4721 3976 2887 2599 2227 1859 1930 1908 1893 1626 1622 1285 1738 1740 1901 1647 1136 1202 1052 927 975 1074 1324 1460 1621 1673 1792 1888 2137 3196 2319 1980 1874 2025 2302 2577 2903 2945 2911 2949 2817 2870 3017 3113 3060 2938 2349 2113 1870 1724 1649 1564 1513 1352 1121 1187 1575 2267 2523 2579 2696
-9999 -9999 358 476 498 567 645 756 845 988 1037 1130 1148 1364 1442 1633 1767 2027 2383 2872 3320 3520 4086 4003 4291 3887 2909 2288 2061 2027 2259 2229 1956 1895 1667 1718 1983 1901 1365 1165 1152 947 1106 949 998 1170 1237 1362 1394 1520 1494 1444 1675 2480 2780 2275 2342 2383 2555 2816 3065 3061 3122 2948 3095 3074 3275 2938 2511 2290 2024 1882 1708 1605 1579 1425 1272 1237 1441 1932 2406 2608 2492 2463
-9999 -9999 398 407 353 397 435 521 639 702 780 919 1068 1130 1302 1407 1583 2172 2333 2817 2843 2807 2770 2776 3357 3655 3732 3164 2170 2347 2387 2236 1972 2016 1929 1907 2126 1827 1412 1272 1066 1220 1254 1284 974 1041 1084 1239 1236 1354 1398 1422 1416 1410 2356 2763 2663 2683 2692 2824 2925 2925 3113 3072 3303 3307 3244 2662 2359 2018 1821 1681 1750 1616 1607 1533 1355 1412 1629 2175 2780 2768 2766 2854
-9999 -9999 321 261 234 219 233 282 364 362 438 573 774 955 1076 1180 1612 2149 2545 2632 2568 2439 2340 2158 2244 2388 2883 3199 2870 2565 2498 2173 2010 1948 1879 1970 2066 1905 1566 1328 1254 1253 1367 1252 1061 968 1169 1291 1304 1330 1351 1341 1295 1390 1694 2224 2873 3104 2873 2708 2976 3088 2986 3322 3419 3164 2706 2219 1903 1774 1772 1732 1711 1656 1759 1670 1511 1422 1930 2253 3107 2903 3263 3070
-9999 -9999 237 222 174 167 168 191 247 296 364 490 678 784 976 1100 1752 2079 2477 2348 2219 2083 1957 1802 1812 1803 1831 2522 3507 3336 2432 2076 1834 1834 1829 1986 1955 1831 1632 1635 1587 1565 1454 1094 1071 1412 1352 1406 1365 1261 1197 1237 1299 1366 1371 1787 1980 2404 2973 2992 2693 2978 3144 3094 3177 2758 2538 2132 1789 1642 1520 1636 1734 1703 1780 1782 1709 1642 1948 2557 2850 3229 3341 3305
-9999 -9999 181 203 169 104 84 72 126 265 333 472 641 818 1016 1268 1816 2157 2273 2037 1871 1683 1506 1471 1481 1511 1489 1530 1900 3202 3209 2201 1891 1815 1897 1953 1956 1772 1779 1716 1668 1519 1586 1539 1576 1563 1542 1425 1197 1019 1102 1132 1181 1223 1307 1507 1840 2276 2359 2619 2742 2486 2900 3301 2501 2520 2252 2060 1929 1767 1774 1692 1620 1655 1821 1810 1758 1812 2151 2817 3067 3272 3420 3276
-9999 -9999 219 219 211 125 100 89 185 325 543 609 802 857 1087 1491 1764 2096 2056 1802 1596 1353 1272 1267 1298 1342 1326 1373 1361 1804 2565 2787 2027 2058 1927 1946 1883 1766 1651 1590 1594 1506 1531 1501 1589 1626 1310 1127 926 911 981 1027 1035 1137 1239 1486 1758 1908 2315 2712 2595 2838 2730 2696 2275 2371 2358 2162 2021 2052 1995 1828 1736 1686 1717 1722 1785 2020 2353 2668 2924 3327 3314 3223
-9999 -9999 255 277 303 305 286 363 462 580 790 732 822 929 1066 1524 1904 1923 1853 1550 1304 1106 1070 1083 1099 1130 1188 1196 1160 1128 1405 2375 2288 2161 2104 2033 1846 1862 1830 1672 1552 1525 1570 1572 1626 1471 1286 922 768 797 792 899 896 1034 1190 1393 1648 1823 1970 2049 2153 2080 2527 2987 2846 2468 2504 2401 2289 2235 2096 1923 1785 1745 1799 1874 1949 2230 2678 2951 3200 3254 3338 3144
-9999 -9999 336 349 320 333 430 526 586 719 737 709 821 939 1332 1598 1891 1796 1579 1271 1060 900 903 898 945 1005 1066 1065 1038 1025 1062 1880 2550 2206 2340 2191 2080 1974 1877 1779 1615 1611 1325 1352 1126 1410 1286 933 771 694 629 726 782 938 1086 1319 1529 1753 1877 1896 1813 2094 2069 1608 2170 2478 2475 2563 2499 2352 2218 2076 2015 1979 1989 2014 2084 2608 3083 2979 3298 3341 3279 3179
-9999 -9999 310 336 292 422 420 504 465 560 540 651 746 967 1366 1601 1668 1550 1305 1087 946 790 794 835 866 924 975 968 954 941 1103 1897 2503 2925 2557 2374 2266 2076 1949 1664 1545 1495 1409 1306 942 1015 1272 879 806 824 696 837 779 935 1001 1179 1399 1569 1660 1601 1453 1783 1655 1188 1179 2606 2575 2590 2652 2572 2450 2319 2168 2106 2122 2268 2274 2935 3249 3373 3437 3334 3203 3116
-9999 -9999 241 227 230 221 309 385 381 358 433 504 681 1032 1245 1406 1363 1269 1094 914 807 770 752 778 820 864 910 878 858 902 1088 1791 2445 3162 3238 2679 2357 2123 1972 1577 1493 1523 1369 1190 932 840 1229 1245 1186 1150 1186 1005 860 894 964 1076 1382 1481 1545 1585 1510 1573 1377 1112 916 936 2739 2537 2713 2676 2521 2450 2325 2285 2291 2353 2787 3335 3555 3341 3456 3318 3194 3036
-9999 -9999 188 217 208 200 243 226 248 352 409 486 773 980 1185 1186 1127 1020 872 758 717 725 727 738 795 814 844 862 885 891 930 1382 1596 2579 3238 2612 2314 2116 1882 1711 1672 1592 1502 1293 1291 1096 1214 1352 1361 1276 1297 1228 1125 1069 1156 1430 1512 1507 1270 1452 1572 1413 1186 891 900 898 1932 2762 2791 2789 2655 2606 2544 2455 2508 2627 3208 3813 3715 3808 3582 3330 3137 2989
-9999 -9999 344 246 268 242 365 374 416 404 386 571 836 932 1072 1043 969 852 736 685 663 692 687 680 682 692 728 774 856 844 887 1248 1110 1253 2250 2070 2071 2095 1865 1750 1807 1782 1697 1603 1514 1332 1332 1236 1264 1314 1307 1329 1386 1516 1670 1843 1924 1989 2040 1729 1505 1025 930 805 848 958 1160 2737 2902 2835 2753 2756 2749 2666 2864 3616 4430 4531 4096 3929 3737 3510 3257 2976
-9999 -9999 518 550 431 381 479 458 477 380 424 627 774 875 968 917 816 709 625 620 610 639 599 610 601 604 656 705 767 786 885 1058 971 822 1144 1647 2150 2099 1946 1774 1844 1787 1783 1647 1533 1388 1310 1181 1223 1222 1342 1399 1590 1745 1940 2082 2222 2374 2212 1621 979 808 710 767 811 998 1615 2345 2823 2668 2844 2960 3284 3965 4582 4765 4292 4306 4268 4064 3778 3532 3315 3036
-9999 -9999 738 672 599 517 489 482 407 322 404 583 715 841 820 798 729 678 626 574 563 555 504 526 539 575 651 703 758 821 995 1229 1089 901 1694 2055 2491 2289 2071 1921 1929 1839 1865 1774 1620 1546 1374 1237 1130 1145 1279 1350 1431 1514 1598 1664 1733 1736 1487 940 736 653 645 699 851 1142 1821 2015 2535 3049 3203 3999 4796 4688 4320 4218 4353 4257 4090 3909 3697 3499 3301 3068
-9999 -9999 896 767 671 589 559 531 444 476 553 621 726 788 779 728 702 665 607 554 529 478 492 489 545 609 695 756 800 917 1180 1445 1437 1690 2038 2666 2575 2247 2107 1967 1790 1760 1474 1703 1704 1533 1186 1274 1281 1191 1228 1189 1329 1323 1411 1465 1368 1133 962 840 664 576 570 684 942 1233 1550 1523 2059 2531 3279 4392 4132 4199 4237 4128 4184 4101 3913 3743 3580 3425 3311 3190
-9999 -9999 965 813 715 643 606 496 492 485 527 626 696 718 657 607 622 633 599 530 481 445 456 481 523 584 649 708 763 837 1028 1123 1476 1726 2631 2900 2355 2078 1734 1633 1501 1130 1289 1419 1653 1592 1341 1419 1513 1495 1426 1322 1216 1227 1163 1095 970 848 821 754 574 505 564 671 1028 1298 1433 1566 1465 3038 4113 4220 4243 4246 4242 4300 4213 4062 3756 3568 3439 3341 3275 3196
-9999 -9999 961 841 744 701 608 491 403 422 475 512 656 657 608 511 491 526 496 450 407 405 425 443 450 458 534 579 648 674 706 782 849 1652 2539 2762 2491 2053 1842 1575 1460 1209 1390 1629 1694 1738 1586 1580 1578 1490 1460 1195 1187 1141 1001 1001 979 910 770 603 541 518 622 777 1064 1235 1392 1386 1415 3865 4256 4396 4356 4298 4254 4292 4254 3895 3533 3375 3283 3242 3195 3156
-9999 -9999 976 880 853 748 673 538 370 371 418 519 587 567 551 488 482 507 487 390 353 352 417 393 381 406 453 450 513 547 581 647 803 1127 1942 2719 2376 2148 1939 1733 1494 1597 1746 1840 1897 1912 1638 1393 1143 1443 1198 1256 1245 1067 991 1081 1031 766 540 512 447 566 692 893 1100 1261 1406 1040 2699 3880 4184 4238 4175 3826 3689 3600 3748 3519 3202 3033 2923 2954 2916 2911
-9999 -9999 985 940 946 857 761 592 469 396 420 460 483 498 490 458 458 484 452 422 366 395 470 415 336 337 364 363 445 466 444 543 624 1231 1678 2641 2589 2211 1997 1878 1826 1840 1921 1909 1981 1877 1366 1048 1237 1374 1413 1342 1354 1412 1383 1311 1157 1012 538 449 485 621 775 968 1177 1361 1406 784 3086 3977 4314 4084 3840 3547 3383 3201 3245 3143 2873 2709 2626 2633 2619 2531
-9999 -9999 1098 1017 1034 981 846 680 560 448 387 385 439 490 492 476 423 418 422 427 406 439 505 513 402 324 344 325 389 439 477 700 1044 1314 1627 2363 2687 2382 2209 2090 2008 1965 1964 1975 1949 1511 1099 1101 1348 1432 1571 1544 1502 1551 1518 1579 1405 1108 926 798 756 677 756 1017 1219 1413 1527 931 3374 4145 4250 4127 3876 3631 3421 3340 3194 3010 2764 2595 2510 2456 2426 2373
-9999 -9999 1279 1186 1164 1066 947 790 648 527 423 383 429 475 467 458 420 394 421 394 431 459 490 509 454 381 383 390 438 613 803 1192 1344 1427 1719 2424 2740 2379 2286 2143 1976 1898 1955 2015 1907 1669 1201 1395 1369 1470 1591 1583 1702 1751 1882 1857 1835 1629 1349 1160 1146 942 908 967 1192 1531 1730 2186 3534 4259 4203 4038 3836 3633 3446 3281 3119 2900 2705 2518 2401 2334 2290 2233
-9999 -9999 1423 1262 1193 1076 948 847 734 597 433 352 431 446 494 482 437 399 361 360 373 403 460 478 511 517 489 556 756 1024 1300 1631 1700 1988 2281 2557 2712 2566 2331 2186 2017 1987 2014 2056 2044 1846 1692 1568 1504 1528 1483 1497 1620 1811 1961 2074 2187 2136 1918 1842 1624 1409 1167 1240 1367 1624 2040 2058 3513 4242 4285 4027 3788 3552 3388 3268 3114 2903 2639 2441 2327 2219 2203 2130
-9999 -9999 1445 1266 1101 1031 943 838 765 667 559 515 469 519 554 525 459 402 362 326 348 372 392 462 560 656 679 727 937 1253 1528 1757 2028 2207 2538 2580 2858 2834 2529 2263 2092 2087 2089 2140 2161 2055 1876 1652 1485 1373 1078 1455 1585 1423 1547 1619 1702 1981 2135 2056 1945 1853 1578 1477 1626 1890 2361 3173 3806 4303 4282 4065 3798 3544 3407 3286 3135 2901 2601 2403 2261 2209 2212 2175
-9999 1729 1484 1286 1092 1017 935 856 809 741 636 598 610 690 689 633 498 410 385 361 374 396 434 551 690 860 889 940 996 1246 1523 1775 1977 2381 2670 2790 2993 2947 2726 2440 2374 2259 2263 2271 2308 2166 1931 1567 1555 1479 1234 1366 1527 1624 1440 1224 1108 1135 1251 1883 2106 2066 1915 1821 1960 2175 2539 3463 3570 4398 4306 4066 3781 3523 3279 3164 3151 2830 2566 2400 2287 2251 2231 2187
-9999 1694 1479 1298 1086 999 932 892 874 789 713 627 645 706 707 633 548 468 425 418 444 486 576 709 861 1069 1092 967 1067 1235 1500 1833 2062 2426 2720 2881 3153 3072 2888 2783 2589 2467 2406 2421 2410 2210 1897 1421 1407 1439 1460 1539 1708 1698 1282 940 815 706 922 1420 2098 2189 2377 2439 2265 2459 2971 3798 3643 4502 4482 4212 3916 3644 3415 3211 3095 2881 2643 2517 2423 2376 2354 2292
-9999 1830 1578 1319 1131 1043 967 947 922 847 730 610 574 611 669 609 627 564 519 538 607 723 828 961 1180 1200 1169 1175 1156 1411 1594 1951 2161 2480 2955 2973 3326 3227 3124 3004 2793 2663 2620 2578 2519 2161 1992 1739 1605 1573 1604 1752 1799 1815 1668 1423 1130 754 1293 1670 2120 2370 2498 2734 2779 2827 3200 4063 4255 4547 4647 4391 4052 3797 3552 3380 3173 3012 2815 2680 2613 2551 2506 2397
-9999 2028 1683 1464 1215 1109 1064 1034 1001 880 752 609 489 507 581 577 645 661 627 647 743 872 1074 1330 1453 1464 1399 1418 1555 1657 1868 2108 2284 2395 2783 3143 3452 3393 3315 3185 2977 2816 2795 2732 2580 2224 2061 1888 1782 1675 1735 1780 1870 1846 1871 1737 1587 1627 1777 1933 2202 2505 2698 2895 3066 3196 3516 4809 4503 5081 4860 4562 4154 3864 3623 3472 3312 3163 2995 2890 2761 2718 2628 2489
-9999 2271 1902 1621 1385 1253 1164 1101 1066 953 816 702 606 529 504 619 695 747 709 749 816 854 1067 1409 1627 1679 1649 1610 1657 1807 2133 2374 2455 2503 2991 3382 3509 3538 3502 3331 3140 3026 2960 2905 2709 2297 1989 1968 1890 1857 1843 1803 1871 2030 1992 1994 1887 1949 2037 2159 2440 2695 2876 3048 3148 3506 3579 4765 4883 5459 5054 4729 4390 3952 3806 3678 3528 3414 3272 3082 3024 2848 2713 2497
-9999 2437 2218 1946 1522 1372 1293 1219 1169 1030 920 779 662 574 553 660 780 853 839 778 904 945 1173 1571 1832 1773 1769 1884 1837 2000 2164 2373 2602 2838 3011 3630 3724 3753 3776 3637 3439 3274 3177 3074 2846 2410 2082 2010 2009 2026 1950 1943 2035 2063 2147 2133 2110 2138 2229 2445 2727 2891 3148 3197 3247 3258 3436 4858 5735 6108 5674 5294 4784 4307 4209 4049 3912 3788 3575 3419 3235 2972 2751 2551
-9999 2439 2311 2139 1897 1534 1394 1359 1281 1178 1066 943 815 717 650 728 892 992 903 882 814 1097 1250 1607 1667 1950 2088 1877 1743 1853 2005 2248 2594 2765 3108 3424 3884 3930 4028 3854 3644 3480 3376 3190 2819 2409 2164 1979 1920 2075 2051 1982 1919 1941 2049 2161 2212 2329 2391 2634 2891 3133 3305 3447 3364 3643 4705 4918 5708 6045 5925 5598 5339 4967 4732 4368 4202 4048 3750 3591 3355 3095 2846 2650
-9999 2246 2234 2113 1986 1679 1515 1478 1410 1309 1201 1080 957 887 843 901 1010 1049 996 1027 860 1090 1270 1484 1830 1907 1964 1813 1648 1506 1701 2061 2546 2897 3228 3594 3968 4196 4126 4133 3909 3615 3499 3251 2957 2517 2287 2010 1811 1964 1768 1838 1888 1906 2006 2082 2205 2329 2493 2739 2983 3184 3429 3588 3544 3687 5169 5203 5213 5439 5472 5363 5283 5167 4956 4742 4523 4258 3937 3739 3460 3160 2891 2694
-9999 1906 2070 1844 1620 1428 1405 1557 1551 1524 1402 1233 1144 1065 1074 1110 1175 1183 1085 1039 959 890 1049 1122 1457 1446 1755 1842 1809 1626 1719 2067 2567 3131 3336 3667 4070 4827 4501 4420 3971 3757 3686 3360 2951 2641 2348 2106 1893 2022 1857 1802 1845 1878 1728 2022 2124 2330 2473 2671 2875 3189 3504 3578 3628 4051 5143 4948 5186 5227 5219 5068 4920 4860 4805 4595 4650 4447 4121 3876 3588 3274 3011 2786
-9999 1320 1306 1498 1397 626 614 1241 1628 1821 1640 1429 1295 1266 1259 1279 1296 1323 1209 1180 1113 883 741 879 1146 1395 1664 1906 2017 2205 2241 2331 2622 2946 3177 3002 2397 1684 2610 3950 3730 3670 3539 3419 3079 2679 2354 1974 1896 1747 1695 1904 1989 1848 1984 2102 2202 2336 2541 2711 2913 3192 3490 3676 3573 5463 4962 5006 5131 5056 5047 4880 4688 4570 4393 4648 4679 4559 4272 4026 3709 3419 3128 2944
