gridcompare/set1_walkaround_results.asc
ncols         391
nrows         472
xllcorner     271845
yllcorner     3875415
cellsize      30
NODATA_value  -9999
[rows 333 to 369 of 472, columns 84 to 167 of 391]
2566 2713 3037 18538 24010 24316 23701 23243 23125 23156 23612 23192 22592 21445 20237 18951 17882 16775 15685 14826 14106 13649 13504 13048 13188 13664 14764 17412 18757 20944 20776 19541 18222 17725 17401 17208 17056 16701 16259 15757 15103 14904 14788 15832 16809 17300 17822 16227 15920 14505 14178 16801 18920 19294 18471 17074 15794 14815 13721 12781 11615 10823 9919 8933 7848 7330 6484 5711 5755 6260 6911 7595 8032 8334 8593 16031 19302 22326 23128 23167 23119 22692 22375 22391
2554 3030 3958 7820 20818 23755 22120 19666 17133 19015 22889 23157 22623 21654 20446 19276 18133 16829 15660 14881 14309 13828 12642 12609 13501 14215 17075 18958 21742 21870 21149 19892 18824 17946 17728 17591 17490 17058 16778 16112 15726 15187 14788 16230 17617 18387 18642 17047 16418 15165 14276 15520 18770 19626 19117 17844 16889 15591 14436 13327 12186 11353 10312 9273 8255 7320 6055 5455 5889 6333 7069 7651 8080 8431 8785 10586 19946 23355 24304 24069 23726 24201 23268 22653
2700 3067 3941 8301 19090 19629 16891 10851 5020 4214 21913 22723 22677 21885 20762 19499 18129 16801 15786 15055 14360 13775 12693 12910 13589 14837 18207 20112 22758 22400 21536 20479 19481 18749 18109 18065 17899 17645 17021 16296 15730 14715 14793 16833 18189 19316 18513 17615 16675 15610 15218 17174 19096 20120 19563 18520 17636 16140 15188 14122 13224 12442 10924 9729 8599 7344 6442 5521 5936 6520 7159 7698 8031 8414 8936 10730 20711 23915 25179 24101 24995 23602 22472 21176
2469 3677 4581 8117 7460 17149 10673 4583 4336 1802 11091 21920 22387 22025 21051 19841 18205 16867 15903 15208 14741 13849 12786 12720 13541 14976 18574 21225 23481 23025 22014 20864 19984 19107 18770 18415 18397 18074 17466 16438 15479 14972 15135 17806 18935 20160 19197 18280 17287 16771 15909 17279 19163 20498 20292 19295 18579 17403 15992 14702 13795 13078 11720 10306 8982 7688 6715 5920 6176 6730 7312 7637 8081 8649 9152 9603 20164 24025 26676 25199 23856 23271 21385 18393
2891 3676 4452 7340 6611 5903 4659 2994 2926 1307 1489 19654 21635 21908 21179 19825 18227 17066 16045 15480 15149 14376 13398 12423 12007 14433 18548 21596 24039 23445 22636 21465 20472 19615 18987 18860 18799 18474 17516 16789 16392 15837 16920 18845 19811 20924 19762 19113 17871 17476 16818 18390 19519 20549 21076 20339 19377 18368 16679 15519 14541 13777 12404 11077 9374 8512 7674 7039 6352 6886 7306 7663 8218 8809 9345 9645 9628 17795 25425 21706 18403 16675 14764 11664
3169 3841 6775 5951 5293 4940 2839 1468 1274 1270 1080 17331 21905 22077 21264 19742 18321 17298 16536 16105 15833 15418 13789 12182 11050 13030 17259 21818 24470 24033 23320 22075 21000 20157 19596 19253 18949 18656 17884 17503 17322 17057 18367 19987 21572 21100 20475 19733 18666 18056 17359 18544 20328 20876 21577 21012 20395 18920 17337 16310 15299 14351 13138 11750 9972 9282 8247 7959 6660 7028 7305 7826 8458 9026 9249 9503 9001 7065 18332 12190 11805 11306 4130 3158
3035 3530 5740 4988 4118 2328 1194 1112 1073 1151 883 8192 22212 22305 21630 19972 18630 17584 16835 16581 16763 16251 14493 12041 9393 10273 15477 21459 24939 24472 23633 22644 21537 20618 20083 19780 19384 18631 18097 18116 18202 18587 19985 21058 22577 21914 21273 20479 19542 19007 17965 18899 20296 21440 21904 22176 21365 19852 18664 17326 15897 14981 13636 12268 10533 9843 8762 8204 7486 7039 7414 7838 8426 8722 8873 8126 6360 6308 4732 4019 3969 3880 3459 3294
2852 3735 4956 3532 1520 1095 733 666 704 961 1249 1192 20898 22165 21722 20471 19125 18096 17190 17096 17370 16993 15121 12159 10884 10296 14902 21460 25156 24920 24252 23196 22251 21380 20693 20137 19533 18959 18770 18690 18786 19472 21210 22158 22933 22497 21874 21091 20766 20017 19638 19667 20829 21884 22783 22578 21873 20867 19574 17908 16743 15648 14313 12769 10946 10421 8363 8077 7460 7051 7342 7756 7976 8136 6385 6290 5225 4486 4309 3957 3883 3719 3498 3512
2842 3187 2886 1817 772 556 400 302 404 731 1302 1419 8702 21380 21547 20864 19544 18711 17850 17792 17827 17851 16133 12613 11969 10268 15011 21024 25398 25384 24888 23886 22919 22048 21173 20308 19737 19409 19346 19307 18871 20989 22436 24165 23696 23185 22510 21727 21383 20799 20110 19974 21284 21977 23042 23416 22962 21827 20689 19478 17656 16153 14829 13168 11437 10523 8401 7520 6640 6820 6975 6877 6712 5206 5631 5121 4424 4230 4108 4014 3912 3725 3607 3706
3495 2980 1849 987 639 549 416 299 466 692 1353 1406 1424 13722 20532 20762 20211 19535 19030 18849 19044 18736 17473 15174 12718 13409 16820 22176 25649 25853 25483 24648 23581 22692 21819 20593 20079 19723 19637 19822 19560 21617 23263 25332 24490 23815 23196 22343 21811 21200 20540 20750 21416 22440 22917 23815 23749 22453 21252 19700 18143 16721 15407 13791 11919 10394 8148 7330 7283 6835 6805 5962 4755 5201 5034 4150 3913 4073 4006 3794 3781 3618 3614 3603
3521 3210 2267 1246 646 582 502 406 377 823 1342 1291 1226 1225 16703 19927 20652 20113 19998 20028 20004 19909 18939 17676 15153 15417 18057 23009 26154 26300 25877 25169 24225 23266 21923 20781 20240 20020 19434 19247 19856 21000 24057 25489 25113 24500 23645 23067 22422 21681 21007 20468 20911 22760 23068 24633 23944 23285 21672 20159 18625 17507 16244 14037 11914 10597 8323 7684 7314 6796 6392 6235 4607 4804 3811 3259 4013 3829 3913 3599 3648 3526 3472 3353
3344 3361 2718 1881 1069 912 891 1235 1818 1994 1706 1676 1543 1373 2592 17156 20230 20458 20556 20648 20962 20960 20516 19767 17777 16982 18358 22935 26336 26100 25720 24962 24015 23187 21621 20377 19107 16471 14881 14747 17516 20084 24584 26125 25793 25348 24468 23587 22881 22165 21145 20503 20946 22423 23376 24906 24805 23635 21734 20196 18634 17310 15785 13867 12020 10341 8508 7601 6526 5971 4995 4084 4132 3869 3199 3607 3659 3679 3679 3513 3400 3371 3330 3216
2902 3224 3415 2903 2268 1695 1930 2165 2703 2652 2419 2472 1958 1799 1891 3416 17525 21120 20944 21232 21600 21917 21623 21283 20169 18657 21952 23464 26317 26278 25788 25073 24305 23262 21430 19985 18178 14692 14013 12240 16211 20298 24867 27066 26842 26430 25436 24567 23536 22744 21964 21286 22034 22101 23390 25382 24161 22929 21246 19816 18307 16899 15176 12983 11421 8891 7697 7241 5763 4511 3520 3890 3900 3695 3075 3320 3595 3412 3367 3312 3221 3170 3155 3104
2450 2945 3302 3887 3710 3144 2823 2739 2823 2891 2832 3157 3165 2504 2331 2299 3276 14772 20083 21343 22036 22814 22640 22742 22726 23694 24740 25641 27885 27898 27573 26817 26123 25323 23664 22402 21184 20677 20750 22450 24022 25509 27679 28405 28039 27501 26264 25439 24407 23321 22532 20894 21615 20579 24023 22534 22480 21621 19942 18343 16803 13967 13624 11204 8175 5782 4919 2755 2046 2694 3176 3276 3238 3247 3075 3278 3216 3221 3255 3163 3072 2982 2940 2889
2327 2671 3251 4045 3838 3532 2948 2902 2879 2907 3107 3224 3409 3623 3702 3374 3537 3394 2795 4473 16285 22807 23817 24132 24588 25573 26408 27044 27477 29771 29481 28900 28074 27319 26617 25876 24879 25279 25736 26310 26802 27344 30204 29682 29040 28080 27068 26091 25181 24344 23579 21631 22737 19547 18943 19910 18421 18329 17034 15315 13627 11843 10042 7981 4990 3802 2596 1895 1895 2183 2371 2566 3060 2641 3057 3163 3136 3084 3079 2993 2917 2829 2751 2607
2047 2551 3454 3916 3771 3631 3205 2967 2823 2952 3179 3443 3650 3885 3900 3754 3776 3852 3621 3209 2833 5260 21055 23011 24250 25266 27039 28182 28309 30708 30806 30119 29447 28659 28030 26348 26486 26928 27264 27770 28041 28528 31373 30446 29756 28767 27376 26642 25675 25026 24060 23701 23694 20220 16266 16851 17231 16345 15277 13617 11942 9793 7941 5638 3451 2282 2044 1928 1746 1965 2363 2554 2965 2735 2979 3092 2988 2942 2862 2814 2721 2582 2513 2344
1945 2414 3221 3726 3744 3557 3262 2957 2844 2924 3138 3415 3629 3727 3673 3609 3755 3761 3683 3677 3031 3117 5785 11801 17583 19800 19664 25802 28804 29913 31358 30631 30131 29559 29098 27508 27429 27949 28147 28444 28733 30317 32062 31006 30247 29062 27976 27352 26487 25769 25302 24874 23389 21092 17371 15778 15831 14323 13325 11594 10207 7591 5709 4089 2477 2208 2061 1937 1771 1884 2018 2489 2899 2850 2878 2895 2869 2712 2713 2647 2481 2377 2463 2206
1668 2215 3008 3544 3537 3377 3072 2861 2751 2818 3055 3359 3498 3411 3369 3411 3359 3570 3756 3754 3873 3912 3799 5266 6069 6441 6542 5441 5401 24537 31159 30000 29909 29831 29639 28186 28315 28630 28623 28708 28832 30531 32635 31007 30598 29148 28332 27747 27163 26753 26155 25801 22148 18476 17625 16010 14466 13158 12315 10203 7970 6683 4148 2704 2416 2189 2171 2075 1983 2013 2006 2454 2675 2720 2851 2721 2619 2564 2541 2713 2672 2409 2136 1987
1412 2062 2998 3363 3319 3164 2919 2722 2656 2705 2914 3136 3287 3292 3183 3130 3162 3322 3545 3681 3913 4104 4271 4487 4312 4010 3474 3228 3069 2907 19511 27259 28436 28517 28339 28410 28539 28651 28848 29166 29343 32071 33172 31532 30808 29565 28832 28229 28155 27228 26309 24551 20163 18169 16236 14762 13432 12241 10838 8437 7236 5178 3100 2466 2305 2259 2235 2218 2011 2227 2158 2436 2536 2709 2665 2438 2457 2318 2500 2632 2535 2165 2015 1854
1257 1722 2746 3115 3076 2962 2712 2543 2512 2530 2789 3023 3156 3103 3037 2910 3004 3247 3490 3704 3890 4268 4321 4293 3986 3382 2584 2713 2810 2763 1991 1574 17788 24659 26866 28032 28258 29152 29366 29705 29996 32784 33640 31332 30740 30176 29493 29514 28474 27802 26283 21473 19278 17351 15120 13283 12090 10723 9240 7517 5654 3939 2856 2381 2275 2294 2290 2292 2232 2268 2335 2468 2512 2518 2944 2181 2523 2364 2245 2357 2481 2145 2102 2041
1484 1595 2559 2898 2974 2783 2580 2368 2356 2370 2637 2878 3068 2965 2894 2812 2908 3080 3282 3540 3762 4091 4295 4006 3410 2566 2683 2545 2508 2460 2417 2187 2212 2345 17971 25287 27460 28373 29471 30407 31243 33114 33207 31578 31067 30809 30355 29637 28548 26543 22433 20588 18688 16201 13807 11963 9712 9327 8031 6585 4480 3453 2745 2372 2385 2401 2447 2485 2276 2236 2389 2350 2439 2275 2654 2400 2343 2254 2113 2412 2501 2546 2496 2192
1372 1435 2255 2604 2746 2571 2408 2212 2163 2179 2472 2710 2892 2843 2791 2678 2749 2935 3089 3311 3583 3790 3999 3562 3024 2346 2359 2329 2285 2324 2204 2213 2289 2539 4937 11320 23496 28116 30081 30352 32926 32696 31860 32596 32145 31559 30671 29023 27532 23321 21652 19946 17504 14918 12301 9698 8240 8043 7363 5704 4282 3367 2917 2704 2651 2720 2764 2767 2784 2298 2292 2313 2658 2642 2452 2426 2177 2131 2130 2590 2989 3030 2826 2851
1276 1473 1915 2308 2467 2380 2232 2049 1981 1990 2236 2495 2776 2750 2700 2681 2652 2774 2912 3089 3303 3570 3532 3148 2672 2081 2152 2174 2185 2132 2136 2167 2265 2606 2991 7249 19613 25412 29242 30809 32782 31847 31677 31827 32670 31282 29974 28436 24168 22633 21114 19003 16460 13919 11415 9545 7872 7489 6788 5081 4424 3691 3262 2856 2852 2676 2714 2734 2760 2759 2735 2787 2787 2607 2606 2444 2348 2315 2587 3135 3588 3614 3258 3148
1319 1356 1521 1985 2208 2156 2087 1947 1756 1784 2083 2327 2482 2562 2562 2496 2556 2620 2723 2836 3011 3165 3265 2907 2434 2107 2069 2076 2129 2195 2166 2246 2408 2586 4414 6541 8009 23004 28201 30781 33067 32780 31649 32532 32397 32405 30128 24953 23599 22102 20217 18053 15560 13191 10897 8924 8168 7185 5578 4850 4219 3598 3414 2935 2918 2889 2800 2679 2671 2687 2608 2719 2800 2792 2482 2556 2759 2957 3531 3633 4189 3981 3763 3501
1333 1263 1308 1656 1969 1997 1920 1814 1370 1566 1921 2180 2248 2389 2359 2375 2422 2468 2544 2595 2748 2850 2976 2806 2320 2285 2225 2134 2280 2286 2384 2469 2573 3069 4846 7075 7639 11096 26612 29835 32549 32373 32034 32910 32141 30920 30348 24566 23114 21415 19587 17334 14956 12393 10547 9041 8140 6600 5375 4824 4175 3695 3472 3001 2886 2873 2844 2760 2775 2690 2644 2751 2823 2881 2851 2935 3468 3756 4171 4800 4676 4467 3862 3763
1313 1273 1241 1293 1572 1737 1672 1404 1518 1322 1483 2054 2135 2208 2255 2283 2288 2143 2082 2252 2422 2610 2586 2655 2614 2605 2402 2344 2389 2390 2640 2677 2847 3872 5629 6934 7518 7693 23684 28275 31615 31663 33586 32748 31368 27172 26001 24275 22763 20807 19145 17074 14587 12142 10095 9115 7841 6593 5524 4970 4411 4094 3593 3140 2900 2889 2866 2695 2674 2682 2731 2633 2670 2996 3038 3633 4094 4727 5133 5531 5272 4675 4249 4298
1308 1242 1194 1143 1156 1300 1437 1344 939 829 1111 2119 2235 2174 2175 2214 2007 2047 1982 2149 2326 2471 2608 2739 2847 2872 2695 2602 2651 2662 2890 3057 3360 5078 6277 6946 6823 7147 18577 28458 31599 33057 32388 30773 27845 26608 25367 23596 21962 20350 18716 16761 14389 12166 10390 8991 8006 6825 5728 5069 4702 4127 3690 3030 2837 2828 2752 2640 2501 1545 2270 2073 2838 3216 3628 4241 4877 5811 6461 6308 5820 5423 4811 4862
1317 1244 1203 1122 1054 1010 1233 1350 1764 2094 2282 2267 2349 2249 2130 2209 2403 2347 2342 2302 2499 2659 2768 2917 3003 3080 3062 2834 2771 2927 3119 3329 4784 5662 5823 5380 5602 5863 10647 24915 31689 33611 30993 28351 27337 25878 24700 23051 21466 19894 18230 16268 14237 12170 10740 9234 7997 6716 6067 5228 4600 4156 3371 3170 2900 2750 2667 2566 2000 1391 1374 1356 1297 3166 4114 5026 6165 8145 8379 7473 6841 6061 5696 5589
1452 1340 1263 1183 1067 988 997 1604 1932 2069 2160 2124 2272 2202 2171 2305 2364 2677 2614 2847 2871 2849 3033 3184 3316 3435 3436 3290 3040 3117 3472 3686 4961 5368 5625 4311 4317 5703 5582 22332 33256 33087 28921 27803 26569 25456 24104 22432 21055 19528 17756 16024 14299 12659 11253 10015 8292 7062 6211 5502 5001 4208 3593 2982 2811 2654 2611 2267 1653 1275 1232 1280 1245 3073 5213 6395 7929 8890 9439 8128 7162 6168 6184 6081
1642 1517 1346 1275 1190 1057 1075 1196 1642 1783 1809 1941 2019 2030 2043 2164 2272 2552 2854 3087 3367 3367 3584 3401 3578 3830 3792 3543 3477 3405 3602 3930 4153 4324 4462 4483 4732 4640 3917 19670 30150 31612 28757 27593 26097 24825 23394 21657 20376 19027 17462 16033 14261 12730 11548 10184 8570 7509 6218 5234 4460 3732 3286 2923 2733 2606 2451 1903 1295 1262 1243 1238 1215 1545 1966 5513 8598 9714 10106 9062 8082 7362 7036 6891
1945 1674 1520 1411 1303 1246 1210 1174 1385 1535 1641 1806 1988 2124 2121 2334 2549 2802 3227 3271 3705 3982 3755 3818 3889 4093 4137 3851 3783 3656 3785 3951 4426 4656 4485 4610 4795 4676 4592 7499 30184 31528 29287 27537 25890 24252 22274 20851 19657 18392 16968 15601 14230 12678 11414 10348 8870 7699 6533 5725 4689 3712 3224 2919 2701 2490 2046 1481 1307 1272 1225 1258 1341 1524 2151 6168 9806 10892 10969 9796 9056 8780 8718 8171
1967 1832 1838 1709 1642 1445 1319 1181 1240 1619 1749 1873 2122 2318 2546 2753 3008 3233 3410 3755 3809 3881 3970 4195 4309 4483 4424 4177 4111 4012 4424 4506 4672 4825 4778 4848 4848 4790 4812 4312 27608 29607 28845 27371 25723 23847 21936 19971 18627 17597 16290 15037 13980 12668 11700 10554 9204 6917 5623 4889 3984 3387 2935 2697 2520 2265 1826 1324 1301 1244 1189 1225 1370 1629 2022 2748 10605 11854 11872 10014 9794 9707 9657 8687
2246 2415 2285 2089 1920 1709 1410 1245 1239 1301 1706 1900 2088 2324 2580 2813 3095 3390 3646 3758 3816 4052 4285 4372 4614 4921 4856 4948 4258 3514 3761 3806 4056 4261 4435 4313 4540 4682 4711 4407 26301 29337 28555 27115 25424 23455 21528 19783 18328 16977 15964 15130 14463 13533 12523 10890 8403 6623 5352 4512 3817 3093 2749 2750 2537 2275 1923 1454 1223 1172 1161 1215 1278 1577 1911 2459 10765 13108 12583 10530 10337 10307 9653 8658
2807 2765 2602 2331 2054 1973 1625 1417 1371 1451 1804 1991 2118 2327 2547 2812 3093 3356 3643 3877 4085 4271 4556 4811 4956 5599 5928 5517 4171 3131 3067 3257 3488 4067 4116 4384 4573 4724 4622 4191 25945 28961 28260 26882 25386 23827 21920 20230 18124 17320 16258 15669 14924 14144 12840 10574 8553 6459 5608 4766 4084 3588 3283 3114 2938 2820 2288 1337 1131 1111 1144 1125 1214 1249 1882 2362 3825 13670 12429 11246 10816 10863 10453 8634
3096 3022 2723 2501 2317 2069 1896 1699 1644 1706 1928 2001 2080 2272 2478 2777 3014 3327 3595 3931 4252 4386 4640 4893 5315 5686 5936 4794 4142 3205 2867 2990 3431 3850 4328 4516 4759 4935 4680 4439 24964 28928 28707 27894 26233 24620 22583 20752 19190 17932 17067 16136 15726 14862 13635 11554 8688 7441 6308 5550 4916 4239 4023 3735 3786 3467 2572 1169 1095 1061 1119 1145 1215 1412 1538 2306 2686 13926 13074 11771 11681 11511 11000 10851
3270 3114 2841 2820 2556 2319 2302 2268 1900 1949 2024 1968 2075 2224 2432 2683 2925 3254 3574 3945 4266 4553 4756 4984 5288 5658 5623 4651 4044 3367 2808 2890 3536 3961 4252 4544 4856 5012 4943 4517 27942 30145 30124 28830 27137 25276 23477 21836 19995 18677 17756 16850 16508 15735 14158 12536 10552 8698 7255 6343 5739 5058 4712 4394 4427 3956 2916 1185 1011 1025 1113 1141 1129 1172 1353 1738 2180 13070 14125 13147 13167 13015 13079 13526
3355 3207 3101 2822 2686 2577 2417 2203 2081 1947 1933 1912 2062 2165 2363 2602 2893 3236 3529 3845 4201 4462 4789 5045 5189 5422 5333 4457 3844 3274 2666 3102 3387 3877 4357 4587 4950 5117 5244 5140 30862 31260 31207 29866 27821 25893 24116 22386 20859 19611 18631 17885 17262 16368 14995 13733 11865 10502 8992 7422 6441 5806 5305 5053 5280 4824 3582 1496 1116 952 1066 1055 1044 1094 1254 1662 2380 11273 14712 14259 14297 14514 15575 16717
