gridcompare/set1_merge_results.asc
ncols         391
nrows         472
xllcorner     271845
yllcorner     3875415
cellsize      30
NODATA_value  -9999
[rows 148 to 184 of 472, columns 252 to 335 of 391]
12568 13237 18415 14174 11949 11807 11508 10672 10027 9881 9335 10354 9486 9269 7651 9287 9491 13300 15641 15798 16515 15327 14708 12042 9617 7719 5952 4682 3750 3128 2565 2098 1887 1752 1608 1348 1132 723 550 531 584 620 638 697 720 741 944 919 805 828 700 720 794 919 934 934 982 1011 1252 1318 1754 2314 2782 3115 3309 4075 4360 2129 1714 1685 2514 4451 7382 8608 11690 12253 8290 7066 5774 4064 3531 3322 3139 3053
13308 14894 19392 23109 17660 16271 17746 16607 16740 19776 21141 20076 20838 20838 18942 20538 27758 26892 21175 19032 18629 17158 14457 11108 8613 6697 4571 3699 2905 2078 1797 1617 1538 1488 1345 1132 985 706 607 504 449 790 847 668 627 652 637 802 832 881 826 835 920 943 941 1013 1072 1224 1464 1683 2015 2495 3261 3874 4202 4627 5302 2484 2330 1949 2191 5317 7954 9465 11940 19146 20033 11409 9161 5444 4032 4045 5034 4638
16057 20747 27371 36091 32937 26511 28088 23901 25214 21039 18660 19186 17480 17553 19312 20842 23808 29030 22622 20431 18521 16223 12399 9715 7785 5833 4412 3371 2510 2097 1760 1660 1536 1421 1274 1133 1059 948 819 708 819 1083 1155 1009 904 803 781 809 794 903 883 938 918 977 998 1038 977 999 1210 1460 1888 2334 3160 4252 4782 5435 6246 6268 3013 2671 2587 7384 9934 12322 14675 14556 16738 15004 11657 11096 11264 12686 10996 7686
21813 27528 30230 27969 27578 26558 25934 24396 23995 23238 20672 19291 18987 18010 19446 21302 24419 25318 24334 19302 17988 13947 10829 8762 7030 5722 4681 3579 2988 2498 2204 2041 1883 1686 1455 1327 1213 1095 971 938 1227 1342 1401 1157 986 920 811 876 904 894 978 963 943 989 988 1047 1106 977 1077 1384 1840 2397 3246 4376 5727 6694 7454 7965 7712 7068 7479 10415 11685 12752 12353 13098 12883 11633 11097 10969 12180 12355 11900 10935
27244 29398 29065 27579 26709 26052 25286 24567 24454 24035 22887 20871 19211 17216 19463 21215 22728 25525 22651 17124 14728 11207 9930 8256 6957 6057 4891 3971 3433 3162 2853 2723 2461 2209 1953 1741 1600 1382 1217 1239 1560 1723 1674 1412 1271 1134 981 1019 991 959 925 927 899 986 1016 1150 1146 1086 1095 1346 1862 2647 3834 4938 5718 6584 6880 7678 10396 10145 10014 9993 10027 10105 10564 11191 9970 9961 9606 10597 11054 10069 9532 9158
27888 28356 29016 26253 25386 24680 24252 23818 23706 23494 23020 21811 20276 18372 18801 21228 22702 24918 22235 16245 12014 10863 9490 8201 7180 6298 5392 4565 4133 3830 3506 3396 3136 2797 2617 2577 2365 2244 2003 1843 2138 2315 2194 1954 1608 1502 1280 1108 992 936 833 773 787 896 1080 1613 1263 1113 1033 1150 1710 2749 4170 5333 6039 6608 7948 8096 7981 7745 7516 7846 8152 8420 9015 9675 8445 8216 8372 9371 9715 8642 8445 7752
27016 26938 25239 24472 23518 22742 22545 22196 21671 22696 22163 21664 20124 17368 19562 21077 22282 24089 23702 14538 11620 11129 10322 8840 7777 7414 6429 5124 4796 4475 4245 3983 3731 3359 3198 3128 3026 2944 2849 2601 2852 3082 3144 2788 2292 1797 1521 1105 882 779 620 659 791 913 1918 2080 1435 1267 1100 1114 1607 2915 4316 5639 6325 7839 7046 5350 5845 6008 6372 5972 6454 6773 7808 7797 8085 6874 8079 8499 8731 7194 6881 6574
25995 25364 23196 22702 21771 20695 20077 20578 20614 20246 21067 22255 21071 19161 17363 19746 21613 22598 25138 19591 13812 11804 11409 10670 10137 9602 8814 8148 7685 6915 6855 6584 6288 5647 3639 3774 4221 4104 3430 3191 4057 5082 6367 4925 3719 2546 1481 849 686 507 430 447 621 1245 2843 2919 1944 1398 1150 1091 1263 2735 4039 5316 5974 7484 2661 2292 2451 2683 2865 2911 3605 4948 5577 6256 5340 6377 6870 7170 6236 6032 5846 5665
24699 24099 21566 20582 19498 18445 18011 18589 18900 18659 19368 21337 22495 20607 18208 18744 19150 21025 22572 25796 23054 17833 16873 16607 16077 15298 14284 13778 13195 12527 12060 11243 10310 9844 10315 10631 10835 10257 10075 10231 10428 10257 8783 5548 3842 2065 1047 721 561 467 356 442 625 1320 3070 3706 2255 1610 1176 896 1145 2427 3882 4916 5834 7130 2324 2124 1946 1906 2102 2149 2334 3179 3497 4050 4357 4668 5000 5661 5436 5323 4446 4147
23902 21029 19675 18519 17610 16893 16544 17118 17656 18043 18716 19682 21583 23351 19353 16615 18181 19388 21373 21440 26104 20846 18631 16445 15529 16108 16226 15461 14603 13586 12666 11738 10637 6936 6694 6889 7050 6937 6861 7027 7212 7147 8111 7112 4494 1489 888 635 489 425 531 662 1084 1885 3258 4414 2438 1671 1213 939 1115 2409 3625 4416 5299 6633 2091 1821 1611 1534 1520 1467 1811 2413 2741 2992 3619 3886 4390 4918 5068 5187 3664 3297
22598 19801 18351 17107 16179 15340 15361 15737 16220 17069 18321 19440 20532 21914 23781 20319 17425 18215 19283 20388 19920 17213 16536 14318 13442 12018 11319 10606 9847 9111 8238 7469 6646 5879 5469 5726 5928 5868 5962 6034 6140 6041 5626 6883 6113 2025 967 682 539 589 757 938 1495 2826 4018 4761 2481 1658 1346 1298 1562 2388 3191 3929 4641 5720 2131 1837 1633 1318 1192 1160 1199 1604 1987 2143 2899 3450 3853 4241 4906 5407 4916 2756
20732 20647 17576 16178 15167 14447 14057 14444 15154 16226 17502 18590 19587 21323 23800 22145 18212 12812 16270 17360 17057 14688 13736 12149 11210 10396 9663 8862 8204 7655 6773 6122 5297 4558 4327 4459 4733 4887 5029 5101 5119 5132 5168 5527 6630 4691 1220 889 807 888 1103 1446 2511 3724 4731 2713 2357 1865 1839 1917 1640 2227 2586 3184 4215 5011 2012 1786 1783 1451 1098 919 923 1161 1394 1782 1953 2504 3196 3907 4496 4737 3825 1828
19330 19636 17314 15478 14277 13485 12705 12883 13706 14986 16341 17827 19020 20281 22478 25197 21051 17964 13108 13275 11958 11460 10771 10059 9404 8303 7837 7555 7057 6506 5972 5276 4527 3845 3598 3635 3716 3719 4065 4362 4379 4516 4853 4884 6173 6559 3093 1274 1199 1215 2306 3357 3817 4894 5466 2984 2665 2378 2831 2793 2371 2289 2668 3374 4198 4376 2645 2212 2093 1687 1281 905 859 679 616 836 1278 1564 2205 3177 3390 4439 4257 945
16696 18280 18113 14633 13323 11396 10562 11237 11994 13144 14745 16350 17615 19087 20902 22279 23391 19945 15137 11550 11172 10586 9854 8725 8009 7307 6733 6482 6228 6012 5692 4934 3973 3044 2799 3052 2984 3090 3329 3742 3878 4059 4320 4490 5026 6450 6280 5493 2824 2952 4683 5159 5788 6901 6250 3259 2932 3180 3505 3854 3867 3507 3824 3879 4487 4656 3728 3112 2679 2172 1533 1067 903 649 518 478 461 505 1057 2048 3230 5369 5816 5034
12840 16445 17600 13336 10278 7034 7246 8737 9632 10948 12519 14302 15845 17529 18556 20394 22864 21371 19630 13041 12043 10224 9342 7784 6620 6052 5593 5477 5341 5586 5480 4795 3956 2985 2337 2469 2410 2438 2851 3171 3431 3559 3783 4189 4685 5350 5854 6479 6717 6034 6742 7234 8170 9230 8835 3568 3606 3927 4444 4956 5132 4966 4767 5083 5040 4657 4418 3404 2953 2497 2125 1720 1406 751 551 527 464 471 1061 1662 4357 5640 5814 5861
10978 13931 16786 12769 7988 6316 5850 6993 8279 8961 10423 12049 13414 15111 16275 18020 21182 23413 21109 13277 11604 9578 7966 7008 6201 5583 4811 4681 4813 4975 5054 4541 3864 3199 2703 2273 1938 1917 2276 2559 2797 3088 3184 3937 4418 5001 5153 5685 6070 6763 7318 7690 8537 9279 10730 10581 9311 9868 7065 6566 6981 6713 7083 5951 6225 6510 5199 3894 3225 2770 2415 2171 1921 1508 1197 859 620 345 442 1528 3812 5277 5441 5728
10260 13204 16410 12669 7298 6762 6226 5956 7749 8260 8989 10351 11873 13372 15002 17190 20304 23132 21624 14286 11376 8968 7361 6581 5825 5215 4466 3975 4060 4210 4209 4053 3682 3279 2740 2176 1729 1514 1403 1909 2124 2386 2721 3425 4168 4474 4910 5310 5803 6585 7375 8484 9535 10677 12078 13270 13002 13789 14656 15990 16468 8408 9223 9048 8480 6743 6270 5553 3998 3275 2923 2616 2420 2356 2322 2045 2437 1351 1861 2131 3371 3346 4675 5199
8740 13232 15237 10846 6813 6359 6860 6806 7440 7833 8301 8917 10321 12095 13894 16258 18713 21369 21795 19111 11309 8238 6706 6267 5619 4629 3995 3290 3110 3386 3432 3381 3122 2981 2580 1997 1540 1007 879 1155 1345 1541 2029 2579 3498 4123 4542 4681 5116 6096 7342 8314 9324 10553 11415 11695 13589 14944 15962 16958 20800 24018 21631 11510 10803 8704 6890 5277 3623 3099 2777 2493 2302 2196 2153 2348 3057 3568 4239 4835 3844 2249 3524 4918
9004 14438 12275 6548 6239 5980 6859 7238 7549 7674 8074 8364 9743 11265 12915 14477 16303 18916 20940 19312 9393 6678 5962 6122 4870 4186 3314 2655 2256 2245 2186 2229 2379 2416 2212 1855 1403 951 842 872 981 1113 1634 2239 3233 3915 3862 4023 4551 5709 6949 8568 9842 10156 10505 11043 12300 13722 15155 16457 19368 20655 21826 16892 10413 8887 6384 4231 2974 2519 2223 1952 1992 1785 1705 1995 2526 3637 4453 5170 5150 3252 3403 4559
10220 15799 8973 6282 5751 5441 5341 6748 7093 7217 7613 8274 9572 10610 12129 13771 15566 17067 19718 17639 8974 6589 5856 5433 4306 3519 2691 2183 1965 1862 1801 1764 1776 1745 1923 1610 1328 1057 814 687 710 927 1341 2161 3370 3604 3259 3142 4153 5135 6943 8242 9055 9416 9782 10433 11519 12867 14684 16879 18880 19634 18532 17330 13470 8266 5257 3020 2472 2156 1708 1536 1557 1717 1370 1498 1459 2872 3967 4815 4822 3960 3578 4161
14832 15894 9222 6469 5699 5278 4982 5950 6510 6632 7015 7821 9017 10093 11506 13094 14438 15260 17254 22193 13648 6927 6093 5218 4149 3003 2438 2022 1760 1790 1717 1647 1541 1553 1572 1505 1359 1158 864 654 642 846 1421 2659 3113 3056 2735 2596 3546 4687 6320 7504 8314 8460 8932 9850 10968 12678 14334 15735 17578 18552 17466 15650 14249 8784 3824 2551 2298 2023 1748 2120 2111 1967 1801 1544 1258 1423 2574 4290 4364 4087 3773 4119
16102 16070 10958 6307 5634 5107 4683 5044 5748 5768 6317 7062 8265 9770 11358 12606 13727 14524 15391 19536 19821 10330 7593 5408 4493 3085 2607 2087 1697 1833 1698 1610 1512 1513 1498 1380 1215 1024 751 611 659 750 1377 2177 2386 2309 1935 2057 2982 4358 5809 6848 7184 7392 8023 9019 10239 12229 13556 14981 16153 17264 16208 14566 14551 13399 4457 2612 2216 2094 2700 2695 2564 2626 2247 2033 1919 2108 2267 2680 3647 3585 3859 4468
16007 14623 11110 7844 5992 5521 5107 4723 5047 4793 5222 5848 7454 9375 10897 12104 12742 13768 15147 18763 19980 10798 8706 6937 5490 3506 2764 2366 2031 1823 1778 1647 1620 1513 1421 1353 1221 1054 867 702 645 925 1312 1548 1653 1558 1412 1752 2524 3640 4755 5507 5887 6103 7207 8395 9878 11430 12619 13389 14358 15209 15520 12955 13859 14557 13266 5485 3456 3528 3371 3057 3030 2705 2617 2410 2706 2555 2811 3021 3087 3547 4233 4734
15424 11634 10181 7512 6661 6085 5596 4382 4164 4175 4503 5861 7650 9336 10704 11573 12238 13436 14417 16698 21205 15780 8497 6255 5484 4256 3782 2530 2412 2287 2171 1839 1743 1579 1502 1336 1260 1131 967 809 732 948 1107 1390 1405 1451 1493 1479 1846 2860 3703 4402 4891 5420 6552 7858 9497 10933 11606 11695 12389 12950 13126 12831 12900 14301 16515 15648 12927 6281 4874 4058 3536 3068 2579 2766 2730 2765 2493 2542 3217 3895 4484 5107
13789 10357 9100 6942 6261 5747 5325 5002 4571 4646 5049 6316 8247 9914 10424 11015 11666 12827 13987 15874 19483 16856 8241 6414 5566 4233 3757 4278 4310 2973 2421 2081 1924 1693 1548 1392 1288 1207 1032 930 832 943 1000 1055 1130 1132 1193 1377 1701 2198 2826 3248 3742 4688 6181 7985 9101 9889 9965 9945 10315 10780 11167 11480 12198 13917 14794 15537 15815 12636 6283 4693 4138 3558 3037 2925 2321 2412 1927 2729 3382 4164 4859 5402
12185 9269 8221 6572 5701 5338 5578 5155 4924 4915 5449 6962 8466 9484 9736 9948 10771 11906 13380 15431 17986 16947 7445 5640 4888 4235 3896 4690 5031 4891 4225 2840 2217 1728 1676 1518 1349 1205 1086 993 844 965 918 1031 979 1054 1052 1038 1275 1647 2196 2191 2582 3870 5717 7404 8230 8395 8321 8004 8373 9027 9889 10317 12135 13720 14527 14759 12291 12780 10370 5451 4746 3956 2869 2501 1903 1519 2046 2892 3834 4565 5210 5821
10923 8051 7026 5871 5393 5091 5187 5016 4986 4958 5291 6375 7738 8466 9001 9298 10128 11112 12664 13624 15240 17775 6286 5481 4706 3801 3360 3668 4778 4642 3519 2614 2069 1848 1765 1675 1482 1359 1175 1096 928 1122 1068 1059 1017 971 916 933 1113 1611 1799 1737 2102 2999 4720 6042 6691 6839 6528 6672 7316 7830 8955 9966 12179 13643 13527 12918 13142 11136 11228 6106 4789 3458 2388 1736 1518 1084 2183 3241 4224 4964 5684 6277
9371 7035 6021 5436 4644 4523 4597 4879 4910 4738 5007 5952 7223 7552 7988 8667 9936 11214 12383 13746 13787 17208 7442 5704 4861 4052 3324 2928 3713 3173 2674 2022 1758 1781 1749 1715 1581 1475 1385 1218 1202 1235 1202 1170 1043 911 864 892 1191 1595 1764 1645 1792 2576 3898 4686 5089 5068 5149 6051 6850 7764 8851 10458 11845 12713 12681 10324 11529 10209 9771 7626 4690 2989 1970 1295 963 1224 2382 3604 4604 5483 6174 6643
8067 6207 5284 4476 3817 3672 4205 4525 4631 4659 4897 5211 6132 6861 7650 8934 10201 11592 12682 13849 16007 20837 16672 6394 5595 4396 3696 3241 3059 2359 1853 1597 1606 1561 1609 1650 1588 1539 1452 1394 1371 1323 1241 1200 1187 1068 875 921 1264 1606 1844 1736 1957 2577 2984 3299 3694 3814 4388 5387 6640 7410 8839 10228 11205 11708 11234 9425 9241 9063 8551 7909 6031 2633 1688 1096 841 1155 2507 4071 5095 5919 6508 6917
6882 5097 4312 3169 2373 2493 3276 4014 4333 4431 4460 4749 5686 6383 7336 8578 9949 11121 12583 14035 15067 16858 19946 12703 7423 5067 4246 3475 2822 2243 1772 1632 1549 1495 1449 1443 1451 1465 1448 1466 1445 1310 1258 1243 1150 1216 1114 1045 1211 1255 1327 1450 1659 1886 2210 2513 2833 3299 4007 5080 6233 7193 8140 9226 9804 10403 10084 8270 7972 7663 7272 7008 6026 2888 1733 1131 811 1075 2818 4483 5562 6297 6782 7080
6354 4487 3105 2069 1959 1914 2320 3261 3942 3916 3983 4310 5044 5872 6870 7950 9428 10432 11602 12833 14253 15957 20528 16216 9995 9071 7620 6643 4642 2226 1808 1669 1595 1554 1504 1439 1350 1298 1339 1348 1411 1358 1253 1060 1167 1343 1273 1223 1100 1248 1079 1144 1229 1286 1406 2069 2502 2526 3201 4302 5503 6202 6810 7913 8882 8892 8602 8546 6533 7488 7641 7683 5539 4281 3298 1065 911 839 3258 5067 5923 6491 6882 7140
6218 4700 2369 2164 1868 1777 1965 2420 3118 3140 3198 3826 4527 5635 6330 7497 8880 9980 11161 12808 14411 15592 17268 16267 15025 11015 8161 7113 6135 2706 1809 1679 1637 1593 1622 1518 1463 1300 1101 1238 1285 1322 1184 1194 1370 1463 1331 1288 1294 1163 990 1086 1289 1155 1186 1440 1673 1665 2671 3438 4587 5324 5484 6340 6690 7353 6930 7195 6929 7166 7359 7280 5456 4590 4496 3272 1244 1192 4262 5591 6209 6671 6963 7130
6240 6495 3473 2215 1954 1774 1803 2070 2282 2503 2708 3323 3959 5065 6009 7053 8683 9665 10704 12434 13730 14594 15915 14501 12745 12334 9508 8655 6439 2763 1906 1841 1808 1765 1731 1629 1523 1358 1161 1293 1430 1402 1468 1518 1561 1563 1373 1192 1197 1206 937 1236 1226 1060 1247 1055 995 1156 1839 2803 3492 3623 4518 4362 4914 5470 6015 6169 6859 6943 7056 4910 4817 4678 4289 5339 3629 2104 4964 5838 6347 6733 6961 7080
6059 6726 4261 2525 2102 1856 1763 1710 1955 1962 2031 2560 3446 4533 5402 7219 8224 9296 10229 11678 12768 13306 14867 12050 11098 10320 8388 7690 6837 4928 4768 2359 2254 1955 1897 1799 1689 1443 1345 1423 1608 1602 1611 1580 1532 1468 1361 1314 1232 1220 1078 1150 1237 1115 1130 1038 913 959 1339 1941 2646 2822 3269 3102 3588 4781 5295 5773 6295 6359 6505 4382 3884 4888 5406 5743 4131 3970 5463 6021 6403 6743 6947 6639
5874 6577 4656 3230 2264 2024 1794 1670 1728 1640 1640 2151 2987 3753 5088 6823 7518 8394 9422 10603 11523 12036 12889 10355 9503 8610 7450 6946 7262 7923 6932 5839 3885 2481 2196 2003 1863 1531 1491 1772 1793 1710 1641 1551 1349 1247 1302 1535 1422 1368 1192 1278 1240 1202 1192 1101 1190 1093 1227 1327 1688 2387 2370 2336 2611 3612 4481 5538 5600 5693 5827 5353 5318 4919 3102 2825 3287 4937 5726 6143 6504 6752 6898 7333
5141 5635 5263 3861 2894 2145 1879 1722 1681 1625 1615 1616 2294 3137 5008 5956 6765 7845 8546 9809 10782 11320 10503 8603 7624 7175 6782 7329 7985 8911 9459 8610 7112 2976 2663 2324 2046 1705 1653 1926 1886 1789 1649 1563 1331 1327 1458 1630 1559 1351 1226 1304 1315 1250 1318 1328 1209 1206 1490 1576 1624 1691 1791 1377 1647 2883 3747 4771 5208 5095 5845 5248 5760 3307 2356 1827 3555 5177 5822 6198 6494 6715 6781 7175
4485 4879 4917 4437 2966 2503 1997 1830 1863 1803 1568 1565 2028 3521 4794 5368 5890 6556 7592 8973 9935 9983 9184 7503 6681 6696 6525 6848 7765 8692 10277 11946 9598 5952 3137 2687 2369 1945 2038 2114 2043 1933 1828 1647 1527 1513 1530 1705 1504 1292 1221 1206 1414 1438 1510 1503 1366 1373 1509 1390 1434 1650 1569 1419 1531 2073 2916 3905 4157 5127 5747 5931 5786 5609 3128 2821 4191 5310 5850 6217 6480 6677 6674 7040
