gridcompare/set1_VC2.laura.asc
ncols	391
nrows	472
xllcorner	271845
yllcorner	3875415
cellsize	30
NODATA_value	-9999
[rows 114 to 151 of 472, columns 168 to 251 of 391]
10962 11023 10355 10202 9751 8079 14480 14265 13348 12328 11498 10922 10360 9611 8663 8193 6486 5320 4351 4245 3565 3166 2317 1300 1431 1626 1744 1944 2368 2876 9255 8690 6167 6067 5809 5453 5885 5945 5402 5004 4552 4052 3845 3583 3453 3286 2993 1806 1545 1765 2006 2257 2532 2744 2915 3075 3160 3422 3398 4212 4065 3693 2718 2426 2046 1927 1673 1555 1372 1270 1291 1395 1631 1889 2246 2562 2911 3273 3671 4043 4465 4836 5129 5432
10371 10561 10435 10981 9020 9236 14731 14079 12684 11905 10717 9689 7956 7360 6971 6592 5664 4418 3585 3235 3637 2774 1422 1490 1679 1860 1895 1648 1888 2053 7430 6245 5763 5788 5588 5858 5651 5825 5665 5176 4696 4278 4004 3852 3687 3460 3212 1686 1872 2215 2601 2883 3147 3412 3650 4784 4666 4632 4807 4441 4296 3848 3198 2668 2283 2114 2000 1699 1459 1426 1437 1750 2039 2464 2894 3214 3578 3928 4356 4745 5082 5451 5848 5846
10820 10797 10223 10116 9735 14284 14418 12937 12265 10265 8573 7902 7440 7036 6696 6091 4944 3868 3406 3980 3031 2873 2512 1442 1635 1978 1494 1217 1232 4649 6124 6027 6136 6011 5795 6462 6563 6258 5905 5423 4921 4458 4196 3847 3779 3580 2033 1971 2256 2568 2938 3179 3422 3679 4036 5654 5345 5220 4814 4643 4243 3600 3440 2913 2542 2367 2096 1835 1664 1479 1701 2028 2423 2881 3317 3654 4035 4402 4842 5266 5834 6242 6435 9066
10471 10946 10345 9957 8998 13625 13442 11329 9424 8755 8170 7566 7122 6692 6393 5772 4913 4626 4408 3246 3166 2983 2590 1756 1951 1799 1222 1869 2159 7266 5989 7064 7196 7330 7200 7157 6965 6597 6079 5655 5161 4707 4115 4041 3863 3245 2171 2389 2597 2813 3053 3292 3480 3685 5624 5658 5427 4774 4451 3756 3465 3527 3306 3111 2861 2507 2240 1943 1720 1751 2016 2360 2790 3253 3691 3976 4237 4294 4710 4973 5971 6739 6959 12878
10427 10860 10028 8435 9288 13349 13724 10532 9261 8571 7910 7311 6925 6604 6300 7106 6492 5692 3498 1829 4007 3860 4032 2048 2109 1971 2071 2219 2535 5726 7664 7897 7646 8005 7981 7594 7414 6894 6447 5847 5341 4826 4370 3992 3874 3458 2466 2633 2926 3069 3058 3220 3478 3215 4052 3921 1926 1707 1560 1187 1042 957 813 895 2098 1878 1701 1752 1830 2055 2366 2696 3187 3508 3959 4251 4480 4372 4707 5113 5515 7006 7089 12300
10858 10875 10289 9370 12327 15070 14020 11404 9998 8448 7783 7206 7767 7774 7812 7628 7173 5759 1970 2228 2388 5238 6254 4217 2395 2377 2539 2698 2953 6026 6068 8169 8163 8937 8817 8464 7968 7358 6772 6147 5648 5101 4354 3839 3866 3862 2810 2950 2996 3184 3161 3362 4801 3910 1315 1163 1106 1059 1100 948 828 754 709 585 523 432 620 1644 1928 2334 2754 3127 3529 3799 4254 4547 4859 4955 4960 5362 5768 7044 13331 10861
11424 10959 10187 8091 13240 14943 12775 13002 10398 9174 9177 8756 8353 8384 8261 7964 7634 3924 2360 2556 2786 5776 7568 6630 2755 2803 2989 3209 3309 3408 6420 6492 8689 9576 9555 9185 8312 7656 7077 6453 5899 5326 4188 4192 2930 4268 3150 3135 3110 3246 3455 3683 5487 4423 1603 1253 936 857 776 829 745 703 606 483 445 388 1394 1635 1758 2239 2916 3368 3706 4091 4562 4895 5276 5449 5603 6137 7111 9449 12253 8771
11758 10820 9189 7906 13170 12883 13151 12555 10906 9914 9619 9087 8806 8842 8797 8559 7726 4209 2644 2833 3062 5998 7807 4949 3274 3385 3478 3583 3690 3783 3928 6754 9125 9991 10086 9250 8601 7919 7366 6758 6128 5708 2826 3117 5025 4856 3355 3401 3309 3418 3546 5358 5663 4551 2295 1215 967 841 706 645 1913 2023 2072 1902 1610 1585 1565 1743 1584 2095 2572 3212 3562 3883 4711 5051 5724 6111 6674 7132 7642 13217 12704 10211
11743 9924 6952 17293 22434 23471 22452 19697 13808 10257 9789 9534 9374 9313 9266 9008 8308 4372 2893 3083 3220 3431 5753 5277 3769 3898 5552 4026 4104 5775 4212 6839 9426 10556 10063 9255 8651 7964 7424 6822 6212 5433 3078 3259 5364 5304 5176 3541 3536 3625 3872 5547 5953 4784 3541 2520 1531 1209 1020 1973 2333 2440 2462 2301 1958 1842 1833 1612 1748 2198 2667 3104 3541 3902 4467 4809 5914 6980 7818 7725 7945 13398 13176 11228
10863 10577 17816 19329 20212 21022 23460 22155 19957 15759 11726 9271 9402 9787 9702 9387 8959 5290 7113 3228 3398 3602 3817 3987 4188 4343 8532 4461 6023 4563 4640 9836 10706 10556 9385 7777 7379 7479 6978 6723 6337 4939 3338 3426 5467 3789 6127 5234 3752 3886 4222 6316 5967 4799 4151 3267 2604 2022 1610 2325 2518 2593 2295 2132 1881 1944 1921 1412 1786 2314 2721 3180 3606 4051 4492 4883 5552 6300 8569 9124 9526 13467 13393 12108
15740 20460 19963 19109 19875 20013 19365 21754 21615 17386 14141 6917 4825 9614 9929 9518 9326 8072 7470 4877 3552 3768 4093 4295 4503 6840 9288 6200 4894 4986 10200 10764 11013 9127 6128 5855 5548 5226 6265 6375 6072 3370 3548 3804 4001 4075 6581 5742 4145 4282 6408 6334 5267 4674 4350 3800 3377 2799 2526 2550 2476 568 512 439 1894 1983 1967 1475 1829 2083 2669 3020 3458 4006 4402 5029 5626 6759 7595 9952 13151 14597 13489 12598
22344 21113 20907 19797 19491 18910 18451 17985 16545 12594 9607 8503 8987 10848 8839 9771 8676 9072 7521 6999 3704 3492 4231 5828 5375 10159 10894 6771 5751 9159 10820 11290 9423 8230 5909 5631 5306 6385 6580 6591 4929 3647 3774 4091 4350 4404 7132 6952 6820 6672 6606 6281 4969 4782 4531 4477 4214 3848 3354 2900 2447 1632 381 1415 1813 2090 2038 1518 1604 2002 2333 2652 3168 3507 3812 4414 5465 6233 7191 7894 13876 10132 10189 10160
24606 21261 20940 19492 18220 16978 16798 14702 13327 11300 10084 10091 10172 10429 12960 9865 8868 9740 8810 5999 5732 7530 11293 11223 12998 15222 14752 10406 10239 10825 19448 13010 9491 6487 5425 5374 6543 6760 6861 6369 3525 3812 4103 4381 4699 6808 7606 7670 7523 7170 6707 6123 5140 4840 4830 5178 4979 4643 4078 3480 2873 2507 2177 2084 2239 2242 2138 1561 1540 1740 2011 2308 2632 2929 3663 4311 5284 6064 6787 8421 8769 9233 9199 8755
21929 20149 20117 18738 15955 14765 13932 13161 12145 10136 10980 10132 10769 11432 12684 16290 17674 16003 13340 9530 8483 10546 11283 12219 13233 12952 11680 10221 11673 12225 13363 13483 11737 7042 5312 6680 7382 7293 7063 6088 3813 4008 4403 4750 4971 7083 8224 7917 7905 7404 6870 6220 5279 5738 5554 5833 5633 5359 4682 3954 3467 2959 2732 2609 2620 2516 2301 1586 1501 1636 1945 2250 2537 3076 3723 4522 5408 6129 6294 14548 8495 8757 8589 7909
18819 18138 17974 15660 13313 12414 12325 11366 10523 9679 10529 11749 12859 13437 14702 14959 16654 17156 14399 10278 9643 10598 10723 11354 12342 11376 11065 10592 11295 11633 11353 11176 10524 9143 6666 7566 7610 7630 7197 5685 4218 4424 4760 5033 5260 7200 8447 8301 7932 7690 7312 6818 6431 6070 6271 6271 6092 5617 4861 4316 3988 3593 3298 3222 3099 2844 2591 1978 1533 1725 1973 2302 2750 3183 4108 4972 5798 6530 6415 14119 8839 8564 7997 7247
19054 17261 16144 15136 12830 10688 9783 9676 8559 9072 10050 12064 13026 14171 14976 15426 17214 13936 13156 12244 11142 10417 10244 10121 10934 9651 10240 9850 11190 10961 10638 10541 9056 9514 7632 7320 7724 7824 6006 4534 4779 5028 5251 5447 5622 8727 8679 8257 8308 8219 7998 7521 7231 7089 7051 6934 6618 5991 5396 4828 4582 4252 4033 3939 3654 3277 2967 2358 1832 1836 1979 2331 2541 3382 4734 6561 8759 9492 8474 12842 8665 8532 7997 7124
15876 16726 16057 14765 12370 10422 8326 7874 7134 8146 9599 11491 12676 13618 14375 14971 16177 14262 13017 12050 10929 10430 9916 9753 9459 9059 8550 10224 9980 10195 10175 9796 8930 7176 3871 5883 7461 4362 4766 5093 5452 5650 5757 5928 7712 9087 8873 7555 8751 8862 8473 8278 8059 7878 7760 7398 6902 6239 5723 5164 5003 4849 4722 4429 4083 3608 3232 2529 1892 1319 905 1073 1236 1694 2804 4458 5941 6824 6750 12770 8591 8409 7928 7124
15213 15431 14924 14658 13139 9453 7814 6175 6727 7438 9043 10662 11613 12506 13368 13961 14262 14641 12224 11345 10324 9827 9369 9147 8843 8439 7957 8520 9837 9870 9448 9091 8007 4488 5807 6366 4831 4895 5199 5539 5953 6245 6210 6299 9732 9485 9290 6215 9514 9201 8978 8753 8649 8326 8088 7670 7208 6615 5730 5173 5388 5238 5107 4780 4292 3713 3196 2311 1944 1418 1196 621 629 976 1835 3034 4499 5834 6015 9789 8417 8239 7781 7101
11157 12098 15578 14127 13253 11461 7727 6411 5681 6298 8231 9491 10481 11356 12211 12847 13362 13995 10813 10140 9662 9253 8902 8611 8109 7682 8483 9212 9374 9474 8634 8600 5907 4720 5032 6998 5933 5656 5832 5974 6736 6901 6914 6627 7947 10008 9890 9792 9886 9617 9501 9072 8962 8696 8291 7574 6841 6105 5444 5438 5578 5471 5303 4891 3675 3041 2821 2437 2230 1721 1562 1187 711 683 1339 2559 3768 4729 4510 10460 10182 9991 8486 7030
9546 11152 14218 13553 12757 11510 8572 7175 6476 6282 8496 8432 9496 10390 11104 11832 12342 12686 10987 9505 8951 8528 8310 7854 7514 8337 8083 9209 9111 8721 8356 6338 4662 4626 5292 7350 7697 6277 6146 6183 7365 8259 7974 7618 8144 10718 10549 10696 10528 10152 9800 9504 9267 9486 8194 7473 6560 5950 5488 5133 5453 5593 5182 4490 3441 3047 2919 2611 2575 2205 1757 1647 1303 1083 1078 2313 3780 4453 5745 12162 10502 10260 9704 7995
10416 9532 11021 11596 13922 12216 10802 8732 7309 7125 8234 8038 8327 9351 10240 10858 11165 11545 11338 8885 8244 7903 7504 7340 6927 7711 8491 8825 8744 8379 8567 9497 9774 10547 11105 8462 9336 9459 8802 8627 10338 11974 11030 9063 8758 11503 11383 11790 11376 11053 10442 11003 10085 8271 7228 8540 10216 9869 8696 8627 6623 7285 4165 3425 3145 3126 3024 3296 2962 2530 2141 1949 1702 1831 2081 3943 5143 5956 6204 9783 10736 8774 8522 6939
10620 8164 9690 10673 10495 13676 11169 10124 9372 8451 8015 7940 7111 8547 9395 10021 10286 10366 10767 9432 7696 7288 6884 6739 6277 7039 8087 7995 8088 8298 9073 9850 11520 12518 13446 14508 15429 14995 14341 16562 16628 17129 14510 12885 12178 11602 7801 12496 12204 11552 12246 10945 8491 4109 3238 7900 7806 7739 7871 7756 8227 8354 7476 2470 3073 3125 3369 3698 3394 2900 2526 2327 2231 2270 3155 4961 6204 6902 8378 12007 8954 8724 7558 6773
10577 9843 7414 9315 10054 12748 10652 10273 9588 8708 8114 7406 7041 7575 8881 9066 9446 9499 10047 8802 7318 6705 6256 6121 6824 6582 7390 7671 7560 8220 9483 10699 11579 13162 13879 16139 17844 18129 17531 15359 15981 16444 17388 19086 20016 20136 17934 18767 11093 12687 12066 10648 8632 4196 3237 3193 6541 6068 6507 6654 7534 8017 7972 6523 2947 3496 3983 4021 3702 3287 2920 2616 2637 2726 4377 6432 7193 7511 8811 12999 11464 8685 8273 7692
10252 9550 9288 6849 8854 11293 9983 9444 8970 8262 7590 6893 5823 7548 8211 8163 8425 8832 8980 8865 6676 6401 5520 6513 6400 6854 6986 6990 7546 8564 9424 10578 12032 12951 15370 17459 17915 18020 17592 17192 16110 17016 21310 22002 22576 16624 18011 19408 24803 24911 17846 13964 9404 4269 3266 2516 1839 1870 3926 5854 6597 7376 7464 8047 7194 4702 5248 4262 3985 3670 3241 3155 3188 3471 5754 7274 8270 8685 10403 13691 11851 10916 9743 8849
10210 9454 8735 7518 6961 10045 8865 8449 8117 7656 6963 6404 5943 6702 7222 7770 7628 8164 8317 8192 6090 5749 5337 5999 6563 6658 6695 6663 7269 8227 9677 11078 12122 14362 15955 16713 16872 16866 17110 17091 16961 19418 21291 21840 22376 16608 18076 20198 20968 23875 22469 18252 12742 5699 3601 3034 1876 1238 660 1241 3557 5970 7313 8624 9956 11241 11677 9017 6552 3874 3654 3847 4813 6920 7794 8383 9008 11475 18932 13739 12180 11239 10265 9345
9199 8599 8006 7337 7616 7613 7807 7254 7090 6756 6181 5740 5389 6672 6878 7012 6976 7692 7509 7506 6781 6596 6264 5888 5532 6336 6410 6390 7165 8218 9671 10782 12848 14042 15023 15549 15964 16037 16328 16524 18298 19588 20583 20772 20809 15916 17486 20215 21237 24008 19367 21226 18797 11722 5723 3157 2969 1768 837 651 2190 4364 8091 9258 10855 11938 13161 15052 16780 16603 13210 9599 13831 16845 17183 19380 20161 18447 19787 18868 9436 11046 10501 9839
8385 7597 7148 6771 6641 6323 6883 6227 6017 5813 5369 4997 5608 5903 6466 6397 6880 6707 7146 7084 6406 6750 5963 4176 5558 5730 5939 6352 7200 8588 9564 11192 11934 12634 13422 14378 14505 15166 15168 16473 17795 18716 19530 19047 18408 15054 17775 18984 20539 20503 19615 19105 19612 18336 13578 7904 4682 2336 1091 2582 2596 6391 9984 11376 12824 14073 15328 16419 16770 16702 17096 18004 17834 17150 17943 18429 19581 20902 20473 24329 15616 11095 11002 10372
7538 6926 6418 6103 5755 6291 5682 5390 5862 5099 4847 3855 5190 5615 6090 5945 6184 6565 6518 6558 6494 6368 5498 5042 5233 5602 6050 6469 7457 8462 9721 10652 10866 11162 11567 11947 12971 13748 14570 15869 17066 17837 17727 17587 15704 14175 16654 17786 18882 19553 19024 21244 18383 17260 17298 14592 10388 9675 7487 6739 8335 8177 10232 11158 12435 13554 14825 15711 16385 17154 17703 17960 18216 18370 19026 19535 20129 20619 20653 19877 20662 15434 10948 10783
6837 6224 5718 5601 5320 5669 5749 5076 4874 4662 5109 4889 4631 5054 5264 5712 6057 6369 6283 6261 6191 5988 5064 4616 5029 5229 5689 6473 7256 8072 9322 9681 9979 9965 10376 10389 10518 11561 13463 14927 16439 16504 17708 14562 14466 11943 14466 16092 16944 17466 18190 18564 19011 19781 16369 16148 15110 11976 9860 9423 8758 8313 9873 10482 11572 12774 14094 15007 15667 16523 17042 17291 17564 17999 18414 18928 19415 19917 20235 19809 18872 19187 14477 10226
5812 5542 5244 4497 5374 5337 5445 4754 4538 4340 4015 4392 4207 4519 4827 5078 5351 5703 5956 5817 5670 5409 4473 4528 4746 4660 5085 6027 7063 7811 8770 8874 8909 9011 9202 9333 9163 9413 11667 14000 15058 17948 14035 13965 13539 12504 12239 13810 14644 15402 15907 16569 17163 19383 16849 15503 14958 14131 13049 9533 8795 9370 9608 9412 10666 12020 13094 14079 14820 15458 16151 16457 16747 17014 17484 17922 18615 19077 19227 19267 18751 17480 16975 14573
5053 4875 4739 4158 5104 5149 5224 4511 4183 3930 4337 3294 4046 3964 4262 4621 4805 5046 5458 5207 5014 4614 4570 4373 4183 4298 4739 5859 6677 7637 8081 8097 7800 7858 7736 8246 7893 7688 8045 11391 15935 14660 13253 12884 12275 11979 9907 11080 11854 12491 13231 14064 15072 15954 17986 14407 14090 13655 12655 11402 9676 8982 9029 8625 9909 11093 12035 13142 13702 14351 14945 15485 15534 15881 16253 16857 17350 17954 18121 18156 18024 16785 15582 13874
5256 4981 4736 4343 4772 4942 5043 4308 3995 3677 4054 3185 3526 3664 3950 4130 4499 4695 4704 4751 4805 4473 4140 4164 4179 4344 4405 5793 6689 7267 7112 6996 6511 6955 7526 6825 6586 5443 5479 10117 15918 12190 11646 10956 10613 10853 10491 9640 10465 10797 11367 12039 13033 13877 15794 14785 13058 12875 12078 10987 9902 8562 8327 8089 8682 9831 10923 11633 12418 12992 13600 13984 14371 14791 15061 15529 16034 16371 16598 16600 16427 15771 15080 14774
5373 5105 4832 4527 4501 4300 4704 4787 3921 3632 3865 3174 3514 3373 3599 3839 3972 4127 4333 4484 4381 4130 4083 4309 4212 4442 5425 5953 6696 6633 6380 5715 6261 6538 6264 5372 5509 5243 5533 11964 13369 10197 10209 9967 9486 9868 10228 10038 10768 9602 10005 10582 11720 12657 14556 13476 13500 13830 11438 10154 8833 6759 6984 7207 7748 8738 9753 10605 11281 11965 12465 12947 13310 13697 14098 14467 14740 14780 14897 14968 14442 14679 13931 12974
5198 4876 4534 4427 4209 4066 4372 4468 3884 3589 3724 3130 2962 2946 3289 3543 3511 3636 3922 3916 4188 4223 4047 4249 4661 5059 5825 6546 6613 5780 5718 5839 5428 5866 7948 8810 9457 10157 12190 16472 10835 10976 10140 9587 9102 9155 9786 9594 9862 8324 9281 9973 10672 11837 13668 11583 13608 13211 10952 9732 7153 6002 5571 6139 6765 8017 9276 9986 10561 11125 11906 12391 12591 13058 13148 13515 13562 13699 13370 13429 13119 11669 10872 7228
4853 4618 4433 4268 4040 3942 4251 3853 4126 3568 3647 3073 2911 3123 2950 3312 3307 3396 3543 3664 3740 3685 3710 4188 4652 5910 6683 6612 5786 5875 5717 6087 7019 8110 9004 10121 10856 13193 14485 16850 13224 11014 10796 10032 9584 8781 9359 9573 9386 7656 8884 9464 10447 11227 11635 12863 12360 12521 10792 9376 6593 4695 4177 4363 6089 7383 8506 9156 9866 10507 11206 11932 12164 12426 12328 12367 12636 12293 12510 12102 10035 6592 7010 7418
4517 4257 4131 4115 4050 3978 3939 3829 3672 3761 3583 3025 2822 3056 3123 3006 3074 3172 3264 3262 3290 3425 3606 3853 4978 5679 6119 5724 5629 5961 6459 7107 7971 9163 10446 11463 12671 13819 16705 15081 12983 12367 11316 10829 10103 9825 9286 9178 8718 8029 8159 9099 9899 10720 12477 11803 11797 11937 10102 9023 7274 2933 2560 4397 5622 6745 7700 8429 9251 9800 10837 11428 11672 11635 11542 11155 11149 11644 11783 8473 6419 6852 7325 7734
4197 3855 3799 3903 4095 3999 3717 3831 3439 3483 3587 3341 2876 2722 2846 3010 2822 2920 2975 3145 2944 2977 3126 3572 4092 4926 5111 5277 5237 5822 7075 8317 9287 9778 10365 10792 12229 13159 13545 15898 12657 11979 11417 10794 10341 9530 9203 8707 8280 7454 7587 8389 9523 10092 10538 11607 9296 10002 10725 11533 8135 5858 4970 4601 4912 6342 7299 8035 8620 9212 10207 10868 11090 10989 10481 10346 10853 10661 11363 8739 6743 9311 9664 14025
3873 3710 3235 3764 3941 3885 3677 3349 3421 2798 3581 3286 3097 2773 2610 2783 2692 2769 2834 2773 2634 2704 2878 3186 3447 3800 3949 4204 5415 6195 7172 7994 8503 8744 9421 10083 11012 11756 12549 15673 11908 11381 10689 10246 9708 9109 8484 7948 7561 6973 7262 7876 8746 9415 9897 10773 8605 9217 10259 11641 10739 7838 5416 5074 5722 5762 6725 7544 8332 8944 9626 10210 10246 10157 9845 10532 11001 12037 12645 13683 15175 16285 17750 20119
