gridcompare/set1_merge_results.asc
ncols         391
nrows         472
xllcorner     271845
yllcorner     3875415
cellsize      30
NODATA_value  -9999
[rows 0 to 36 of 472, columns 0 to 83 of 391]
-9999 -9999 -9999 -9999 -9999 -9999 -9999 -9999 -9999 -9999 -9999 4677 4427 4187 4030 3880 3731 3516 3229 2875 2511 2131 -9999 -9999 -9999 -9999 -9999 -9999 -9999 -9999 -9999 -9999 -9999 -9999 -9999 -9999 -9999 -9999 -9999 -9999 -9999 -9999 -9999 -9999 -9999 -9999 -9999 -9999 -9999 -9999 -9999 -9999 -9999 -9999 -9999 -9999 -9999 -9999 -9999 -9999 -9999 -9999 -9999 -9999 -9999 -9999 -9999 -9999 -9999 -9999 -9999 -9999 -9999 -9999 -9999 -9999 -9999 -9999 -9999 -9999 -9999 -9999 -9999 -9999
-9999 -9999 -9999 -9999 -9999 -9999 -9999 -9999 -9999 -9999 -9999 4296 4035 3772 3614 3523 3429 3284 3056 2683 2318 1933 1736 1609 1368 1213 1116 981 852 666 328 275 212 199 206 192 206 213 167 149 121 84 86 89 93 102 107 137 168 202 249 256 1598 1468 1294 2573 3493 3437 3325 3100 2847 2648 2511 -9999 -9999 -9999 -9999 -9999 -9999 -9999 -9999 -9999 -9999 -9999 -9999 -9999 -9999 -9999 -9999 -9999 -9999 -9999 -9999 -9999
-9999 -9999 -9999 -9999 -9999 -9999 -9999 -9999 -9999 -9999 -9999 4003 3684 3401 3217 3134 3091 2956 2722 2395 2156 1786 1600 1396 1202 1058 902 784 676 469 264 238 231 188 217 219 251 275 252 185 126 68 82 83 84 101 125 125 147 183 222 231 1399 1984 2184 2595 3239 3101 2944 2831 2687 2475 2351 2192 1956 1788 1684 1627 1511 1432 1530 1614 1663 1643 1839 2157 2256 2413 2437 2748 2931 2987 3173 3619
-9999 -9999 -9999 -9999 -9999 -9999 -9999 -9999 -9999 -9999 -9999 3724 3375 3004 2737 2630 2503 2437 2298 2197 2063 1707 1529 1403 1156 938 780 739 536 247 212 224 241 228 228 233 254 272 262 218 190 82 74 72 73 76 100 107 124 152 194 207 860 1299 1512 2270 3002 2937 2805 2535 2269 2084 1850 1722 1697 1355 1138 996 850 743 832 1335 1641 1718 1846 2005 2101 2177 2337 2609 2711 2747 2951 3361
-9999 -9999 -9999 -9999 -9999 -9999 -9999 -9999 -9999 -9999 -9999 3445 2973 2493 2195 2052 1954 1947 1950 2054 2006 1966 1733 1449 1199 982 779 593 331 206 227 246 247 240 223 228 237 262 276 255 335 154 81 69 69 64 62 93 116 139 173 183 484 1185 1233 1680 2538 2600 2487 2132 1818 1684 1624 1731 1518 1142 1013 778 764 729 733 1550 1625 1650 1703 1851 1991 2078 2117 2237 2312 2478 2737 3062
-9999 -9999 -9999 -9999 -9999 -9999 -9999 -9999 -9999 -9999 -9999 3079 2499 2109 1737 1577 1499 1563 1712 1986 2039 1975 1739 1453 1195 903 767 490 303 219 238 256 256 260 213 179 207 252 280 282 481 339 194 70 65 58 48 69 93 114 140 172 549 1226 1161 1355 1827 2491 2302 1853 1600 1305 1753 1866 1689 1312 1008 826 830 887 1211 1846 1641 1559 1519 1699 1827 1940 2017 2022 2120 2138 2232 2734
-9999 -9999 -9999 -9999 -9999 -9999 -9999 -9999 -9999 -9999 -9999 2624 2138 1747 1393 1184 1185 1367 1600 1818 1874 1784 1548 1273 1050 799 650 417 275 273 278 278 285 244 221 192 201 225 265 278 442 472 410 235 69 59 55 65 84 101 123 168 743 1064 911 1200 1528 2546 2254 1611 1363 1393 1871 2069 1733 1238 1145 970 987 1668 2024 1961 1803 1524 1025 1354 1518 1570 1984 2022 1909 2021 2123 2850
-9999 -9999 -9999 -9999 -9999 -9999 -9999 -9999 -9999 -9999 -9999 2091 1497 1159 904 817 937 1187 1399 1572 1644 1497 1339 1118 890 780 560 426 315 321 336 373 363 259 248 219 222 233 256 276 248 690 602 454 245 72 55 58 61 76 95 127 852 732 775 921 1397 2488 1850 1817 1413 1450 1923 2360 2279 2233 2144 1309 1826 2331 2495 2100 1881 1596 1069 809 962 1658 1963 2041 1947 2223 2624 2918
-9999 -9999 -9999 -9999 -9999 -9999 -9999 -9999 -9999 -9999 -9999 1260 794 720 692 686 673 756 1051 1326 1299 1247 1089 965 820 683 542 494 415 387 404 430 466 425 355 254 246 258 282 286 283 676 812 696 500 234 79 62 61 76 106 401 961 564 557 686 1531 3111 3087 3046 3117 3289 3410 3370 3217 2992 2838 2576 3055 3049 2628 2204 1953 1692 1220 1030 1058 1690 2096 2091 2190 2401 2504 2689
-9999 -9999 -9999 -9999 -9999 -9999 -9999 -9999 -9999 -9999 -9999 877 737 688 655 627 617 590 697 958 1112 1030 959 824 745 597 510 434 402 585 670 815 848 914 545 449 326 285 293 292 299 456 1009 1055 809 471 235 65 58 72 376 778 1282 646 475 411 3533 4434 5348 5252 5152 5277 5129 5020 4696 4324 4086 3819 3651 3419 2837 2404 2063 1690 1052 957 1643 1995 2130 2057 2040 2238 2342 2418
-9999 -9999 -9999 -9999 -9999 -9999 -9999 -9999 -9999 -9999 -9999 804 708 640 589 550 554 531 546 560 951 916 886 783 699 536 482 411 476 531 721 784 972 1122 1292 994 619 567 501 440 300 248 1138 1331 1028 641 347 98 63 348 641 1467 2956 2486 1360 3763 5587 6097 5982 5781 5620 5288 5157 4813 4453 4095 3881 3595 3402 3163 2776 2375 2013 1258 956 1000 1860 2170 2147 2148 1904 2158 2182 2365
-9999 -9999 -9999 -9999 -9999 -9999 -9999 -9999 -9999 -9999 -9999 762 668 593 554 517 491 495 528 537 719 876 791 740 647 537 493 504 517 559 591 631 730 1029 1310 1490 1879 2042 1772 705 612 326 998 1572 1304 914 410 83 75 633 1567 3168 3733 3528 3597 4199 5437 5665 5549 5405 5231 4851 4313 3953 3818 3640 3411 3069 2887 2697 2516 2275 1573 1156 964 1458 2095 2291 2195 2065 2070 2260 2304 2334
-9999 -9999 -9999 -9999 -9999 -9999 -9999 -9999 -9999 -9999 -9999 659 637 615 559 527 510 500 594 566 516 815 694 699 615 483 498 515 534 556 548 516 511 636 997 1323 1644 1964 2206 2335 1548 583 765 1586 1483 1094 550 236 264 1218 2901 3673 3768 3811 4145 4449 4951 4848 4626 4380 4144 3823 3535 3299 3138 3030 2909 2679 2487 2227 1945 1512 1334 1285 1256 2057 2294 2292 2098 1992 1988 2168 2199 2255
-9999 -9999 -9999 -9999 -9999 -9999 -9999 -9999 -9999 -9999 -9999 904 626 666 596 547 560 625 669 591 521 795 651 591 538 477 511 506 483 476 466 441 459 484 545 711 1126 1568 1960 2159 1734 731 312 1370 1381 1148 878 507 915 1598 3479 3606 3535 3871 4183 4362 4246 3968 3727 3607 3497 3336 3148 2940 2741 2637 2622 2244 1754 1502 1369 1339 1386 1437 1884 2316 2245 2069 1939 1911 1910 2046 2004 1980
-9999 -9999 -9999 -9999 -9999 -9999 -9999 -9999 -9999 -9999 -9999 2487 1519 1073 903 740 726 760 711 618 960 773 680 525 481 488 494 482 446 445 427 427 428 437 466 493 579 827 1205 1329 1085 781 499 1185 1327 1250 1109 901 1686 2096 3042 3162 3506 3783 4182 4145 3862 3645 3391 3284 3195 3021 2845 2590 2296 2054 1833 1587 1425 1163 1157 1276 1543 2204 2400 2343 2205 1965 1827 1793 1786 1682 1700 1458
-9999 -9999 -9999 -9999 -9999 -9999 -9999 -9999 -9999 -9999 -9999 3061 3040 2985 2331 1421 878 847 731 1182 937 844 658 519 432 458 467 469 436 419 413 395 386 402 423 467 520 579 690 781 821 857 793 713 1299 1268 1209 1692 1980 2386 2530 2692 3856 4198 4440 4132 3786 3460 3222 3071 2976 2814 2492 1951 1710 1552 1504 1338 1106 1040 963 1586 2078 2480 2372 2281 2046 1948 1796 1632 1666 1346 1252 1330
-9999 -9999 -9999 -9999 -9999 -9999 -9999 -9999 -9999 -9999 -9999 2697 2846 2889 2795 2689 2560 2333 1926 1466 1085 752 580 506 411 399 434 450 434 419 396 395 394 401 427 467 512 572 660 780 1132 1112 2301 770 498 1151 1264 2147 2276 2529 2842 3916 4217 4757 4611 4186 3740 3402 3178 3046 2874 2460 1927 1683 1374 1141 1325 1306 1164 1224 1441 2204 2687 2562 2377 2199 2163 2040 1871 1585 1466 1273 1074 1193
-9999 -9999 -9999 -9999 -9999 -9999 -9999 -9999 -9999 -9999 -9999 2501 2538 2508 2420 2472 2467 2236 1836 1418 1033 650 557 475 371 356 394 405 400 414 415 403 404 405 417 472 521 585 666 830 1154 2334 3238 3204 1771 457 1276 2292 2462 2899 4129 4455 5127 5241 4795 4369 3828 3356 3149 2940 2636 2083 1762 1476 1169 894 1410 1477 1479 1479 2559 2792 2792 2487 2356 2177 2014 1881 1710 1553 1371 1164 1099 1222
-9999 -9999 -9999 -9999 -9999 -9999 -9999 -9999 -9999 -9999 -9999 2143 2247 2199 2189 2194 2196 1971 1719 1343 950 671 537 385 352 342 369 393 414 423 423 422 416 417 438 476 537 584 712 823 2274 3356 3656 3953 4057 3963 1998 2157 2563 3497 4462 5352 5593 5467 4952 4429 3812 3405 3166 2859 2397 1844 1599 1171 1021 922 1696 1938 2391 2415 2816 2796 2646 2413 2153 1905 1795 1670 1489 1388 1303 1078 871 1320
-9999 -9999 -9999 -9999 -9999 -9999 -9999 -9999 -9999 -9999 -9999 1789 1832 1836 1835 1886 1812 1696 1484 1170 877 613 472 360 363 367 376 403 421 432 428 417 414 430 479 508 547 592 1216 2253 3126 3328 3536 3772 4275 4011 4218 5231 2585 4336 5358 5872 5828 5570 5031 4414 3775 3424 3161 2871 2578 1869 1461 1106 839 949 2100 2758 2788 2611 2518 2508 2396 2118 1902 1774 1658 1591 1408 1268 1161 1031 835 1283
-9999 -9999 -9999 -9999 -9999 -9999 -9999 -9999 -9999 -9999 -9999 1391 1436 1465 1486 1494 1425 1260 1110 908 674 513 421 334 371 368 400 402 432 448 440 429 445 453 486 537 557 678 2193 2933 3086 3115 3094 3030 3649 3931 4155 4266 7437 5457 6223 6155 5948 5627 5016 4278 3663 3348 3171 2939 2614 1934 1577 1074 489 1553 2969 2999 2784 2493 2359 2101 1949 1878 1756 1787 1763 1597 1503 1318 1127 995 804 1236
-9999 -9999 -9999 -9999 -9999 -9999 -9999 -9999 -9999 -9999 -9999 963 1005 1109 1153 1166 1139 985 853 643 465 407 318 317 341 413 422 438 461 468 465 459 461 476 505 515 593 2064 2714 2736 2725 2607 2608 2540 2574 3130 3606 4481 6148 9688 8063 6500 6081 5636 5033 4303 3640 3267 2986 2718 2199 2036 1691 1278 929 2351 3125 2993 2546 2218 2023 1918 1715 1513 1680 1834 1864 1706 1518 1368 1199 964 1089 1493
-9999 -9999 -9999 -9999 -9999 -9999 -9999 -9999 -9999 -9999 -9999 544 577 701 815 849 787 692 533 435 391 304 186 279 359 377 462 461 484 495 480 471 478 507 525 654 2035 2493 2438 2156 2097 2114 2021 1924 1931 2065 2836 3920 5404 9769 10237 6703 6358 5740 5074 4386 3660 3195 2740 2206 2119 2113 1933 1740 2215 2969 3010 2591 2275 2008 1814 1572 1187 794 1521 1955 1957 1820 1641 1430 1184 1043 1217 1767
-9999 -9999 -9999 -9999 -9999 -9999 -9999 -9999 -9999 -9999 -9999 518 497 489 499 521 500 451 440 410 350 209 186 273 367 466 506 512 541 522 494 613 642 1351 1956 2258 2349 2124 1812 1679 1583 1464 1376 1312 1278 1263 1547 2726 3669 6838 10556 9486 6559 5891 5144 4475 3740 3053 2468 2216 1871 2248 2347 2585 2974 2857 2618 2256 2009 1780 1573 1185 836 785 1318 2020 2030 1881 1706 1506 1262 1130 1328 1959
-9999 -9999 -9999 -9999 -9999 -9999 -9999 -9999 -9999 -9999 -9999 540 538 486 441 430 427 421 403 371 246 197 341 399 470 539 1146 1198 1424 1471 1495 1689 1872 2035 2087 1877 1734 1587 1413 1244 1135 1010 911 842 681 656 819 1313 2379 4843 10122 10659 8064 6165 5431 4490 3887 2974 2416 2114 2132 2144 2612 2915 3183 2872 2366 2021 1797 1622 1316 1120 742 920 1405 2127 2129 1968 1725 1470 1383 1258 1620 2040
-9999 -9999 -9999 -9999 -9999 -9999 -9999 -9999 -9999 -9999 -9999 552 528 479 445 438 409 376 323 274 185 225 363 633 877 1183 1297 1441 1432 1459 1491 1569 1631 1753 1531 1362 1268 1029 909 778 668 641 410 386 382 414 477 536 1197 3336 8646 10214 10203 7917 5860 4964 4034 2821 2512 2190 2223 2279 2871 3359 3324 2961 2332 1992 1712 1506 1364 1218 832 1015 1722 2146 2216 2043 1921 1499 1407 1582 1801 2335
-9999 -9999 -9999 -9999 -9999 -9999 -9999 -9999 -9999 -9999 -9999 499 457 448 392 407 398 383 294 187 206 263 355 573 830 1040 1100 1127 1153 1011 1024 1039 977 1040 955 823 738 616 386 271 291 272 289 300 319 350 419 482 559 1662 6422 9910 10443 9639 7305 5745 4682 3109 2598 2594 2528 2680 3860 4070 3856 3392 2693 2019 1799 1607 1501 1292 1166 1131 1987 2222 2309 2194 2065 1776 1575 1611 2018 2701
-9999 -9999 -9999 -9999 -9999 -9999 -9999 -9999 -9999 -9999 -9999 435 392 392 406 402 417 443 393 248 227 281 392 483 660 819 730 742 327 326 290 307 295 381 427 316 251 233 237 222 213 223 240 241 269 333 408 468 501 633 5303 9051 10055 9661 8299 6866 5539 4683 3428 4285 4622 5263 6683 6442 6273 3899 3024 2143 1890 1765 1691 1482 1400 1791 2071 2284 2424 2277 2331 1961 1763 1795 2163 2886
-9999 -9999 -9999 -9999 -9999 -9999 -9999 -9999 -9999 -9999 -9999 382 348 425 443 456 492 466 411 287 237 290 317 357 508 545 344 197 219 244 193 210 184 195 210 213 213 192 193 176 177 190 202 230 280 343 417 504 505 408 5566 7677 8664 8678 8653 7183 6839 6645 7472 8554 9398 9125 8962 8338 7862 7281 5755 2619 2058 2057 1922 1725 1468 1980 2287 2533 2832 2440 2357 2265 2129 1975 2992 4629
-9999 -9999 -9999 -9999 -9999 -9999 -9999 -9999 -9999 -9999 -9999 388 370 471 493 503 504 501 452 353 260 297 267 268 346 459 334 347 303 325 308 263 206 192 192 194 196 197 175 164 154 146 184 222 297 385 476 546 499 861 4608 6788 8388 7599 7641 8529 8179 8360 8648 8974 8712 8269 8050 7447 7111 7103 6914 6429 6254 6243 6205 5910 5840 6658 6901 7651 5563 5088 4012 3133 3697 4292 6187 5682
-9999 -9999 -9999 -9999 -9999 -9999 -9999 -9999 -9999 -9999 -9999 393 367 517 516 514 463 515 493 413 281 280 231 242 292 437 742 606 600 463 456 364 297 253 225 215 241 222 192 165 155 174 226 287 376 461 525 593 529 2298 7344 8887 9848 10845 10710 9710 9211 8651 8704 8357 7856 7384 6720 5956 5725 5739 6181 5955 6490 6634 6733 6694 6811 6753 6921 7672 8062 7719 7874 7505 6282 5692 6294 6003
-9999 -9999 -9999 -9999 -9999 -9999 -9999 -9999 -9999 -9999 -9999 489 472 563 577 512 510 580 560 473 318 281 227 256 290 441 731 991 1114 765 538 418 342 301 283 272 292 279 248 218 207 227 287 351 445 544 600 597 536 8340 10297 10966 10986 11029 10953 10743 10287 9741 8994 8176 6942 5949 4934 4104 3891 4288 4683 4630 5279 5536 5771 5864 6081 6147 5884 6821 7007 6926 7281 7670 7110 6495 6135 5496
-9999 -9999 -9999 -9999 -9999 -9999 -9999 -9999 -9999 -9999 -9999 571 551 594 592 574 554 594 640 557 377 255 257 249 311 465 685 922 1191 1316 931 474 373 331 318 320 327 341 326 279 286 311 381 441 522 608 674 612 5633 9869 10621 10461 10375 10257 10325 10190 10005 9708 9254 8007 6651 4566 3370 2838 2559 2458 2447 3071 3741 4363 4812 5082 5255 5558 5700 5917 6277 6381 6495 6850 6635 6299 6037 5470
-9999 -9999 -9999 -9999 -9999 -9999 -9999 -9999 -9999 -9999 -9999 617 628 633 662 600 611 745 778 635 459 274 267 264 259 353 585 701 823 917 857 582 409 351 331 325 337 395 388 366 332 365 438 496 584 632 674 627 7985 9820 10339 10015 9779 9573 9428 9295 9281 9419 9235 8791 7047 4197 3097 2661 2431 2241 2238 2184 2292 2906 3689 4158 4572 4885 5203 5525 5766 5860 5987 6084 6217 6039 5737 5293
-9999 -9999 -9999 -9999 -9999 -9999 -9999 -9999 -9999 -9999 -9999 703 702 697 756 664 786 989 1074 774 559 392 256 221 235 278 389 442 479 478 580 622 433 369 336 325 368 435 449 411 381 411 489 519 592 660 680 2791 8358 9807 9870 9649 9244 8816 8402 8410 8396 8582 8779 8647 7893 5798 3382 2723 2433 2296 2157 2001 2094 2233 2459 2985 3364 4032 4722 5223 5378 5340 5541 5609 5729 5702 5316 4862
-9999 -9999 -9999 -9999 -9999 -9999 -9999 -9999 -9999 -9999 -9999 801 1001 946 1026 1403 1650 1587 1192 816 595 353 230 206 203 264 328 431 430 492 548 611 559 394 342 319 419 479 480 424 427 474 539 569 620 651 675 5967 8262 9727 9546 9402 8725 8162 7703 7468 7620 7722 7655 7606 8486 8234 6654 3107 2509 2350 2150 2131 2033 2041 2050 2177 2551 3199 4135 4678 4936 5055 5223 5277 5312 5398 5069 4522
-9999 -9999 -9999 -9999 -9999 -9999 -9999 -9999 -9999 -9999 -9999 2367 2477 2371 2226 2026 1714 1328 957 628 432 337 196 194 241 311 362 423 452 511 550 661 594 405 333 539 653 814 792 457 446 561 575 601 645 660 703 6888 9340 9463 9363 8864 8117 7400 7032 6776 7023 6917 6578 6566 6825 8179 8186 6765 2873 2708 2626 2401 2188 2155 2026 1945 1865 2383 3471 4195 4499 4678 4841 4926 4895 4852 4677 3928
