gridcompare/set1_VC2.laura.asc
ncols	391
nrows	472
xllcorner	271845
yllcorner	3875415
cellsize	30
NODATA_value	-9999
[rows 380 to 417 of 472, columns 0 to 83 of 391]
-9999 -9999 259 279 306 306 256 330 432 547 766 703 785 891 1035 1321 1843 1918 1859 1567 1321 1114 1065 1071 1084 1107 1150 1152 1096 1055 1119 1880 2006 2196 2110 2037 1808 1770 1760 1624 1555 1511 1555 1505 1561 1223 1042 878 775 812 799 899 882 1020 1137 1253 1436 1499 1591 1657 1754 1617 2035 2510 2514 2368 2469 2399 2290 2240 2086 1925 1785 1744 1791 1842 1915 2258 2627 2156 2240 2389 2846 2566
-9999 -9999 343 351 323 321 431 519 582 707 733 692 797 922 1193 1392 1867 1800 1594 1283 1069 906 894 879 924 982 1034 1023 965 961 924 1429 2094 2192 2342 2182 2051 1884 1766 1797 1621 1629 1160 1172 840 1201 1077 879 751 625 556 673 726 810 952 1165 1286 1473 1562 1633 1582 1743 1708 1336 1720 2160 2357 2550 2514 2352 2229 2082 2027 1993 2005 1999 2063 2627 2721 2073 2311 2699 2801 2730
-9999 -9999 316 344 302 432 428 500 465 561 530 639 730 928 1214 1522 1645 1552 1312 1094 948 797 773 822 831 883 926 914 891 871 974 1671 1957 2502 2477 2310 2183 1962 1847 1653 1574 1511 1387 1147 756 839 1119 768 741 766 599 768 656 780 742 917 1099 1276 1412 1448 1367 1615 1482 1101 993 2161 2255 2513 2655 2600 2476 2344 2189 2121 2115 2292 2286 2900 2595 2362 2525 2686 2603 2667
-9999 -9999 242 236 241 231 318 393 382 351 429 495 665 915 1084 1370 1348 1268 1102 915 803 758 729 762 794 831 871 802 763 807 1017 1694 2351 2870 2856 2577 2249 2014 1938 1513 1448 1533 1345 1048 813 687 1073 1246 1158 1122 1148 918 756 780 835 794 1019 1107 1249 1432 1430 1507 1359 1064 827 692 2222 2439 2687 2689 2532 2476 2348 2306 2291 2344 2815 3149 2687 2308 2462 2458 2584 2487
-9999 -9999 193 222 216 210 247 226 239 344 407 481 692 841 1139 1156 1119 1026 880 756 693 718 710 709 772 788 803 828 794 793 806 1227 1360 2295 3076 2598 2290 2047 1848 1700 1613 1539 1434 1197 1247 1026 993 1263 1368 1271 1270 1165 1024 941 1025 1283 1268 960 810 1183 1402 1362 1183 826 851 810 1376 2225 2747 2795 2677 2626 2571 2470 2513 2657 3158 3092 2644 2732 2542 2361 2214 2287
-9999 -9999 358 247 273 238 365 364 399 400 383 519 708 804 1036 1014 964 859 735 664 631 685 681 665 660 667 701 731 811 759 721 1118 861 893 1865 1980 1980 2028 1795 1736 1792 1779 1697 1574 1504 1302 1272 954 942 1193 1135 1264 1296 1422 1564 1681 1739 1781 1894 1304 1358 1014 921 748 823 900 920 2075 2686 2803 2749 2770 2770 2682 2893 3476 3641 3515 2959 2916 2996 2840 2461 2137
-9999 -9999 469 498 396 361 438 419 434 364 412 514 619 804 946 893 805 709 617 596 595 640 577 587 575 549 568 609 650 531 607 701 706 549 558 1561 2057 2004 1873 1713 1831 1776 1778 1650 1504 1369 1264 886 888 857 1166 1187 1508 1633 1798 1918 2038 2171 1744 1172 875 787 659 756 776 913 1358 1926 2398 2504 2796 2954 3266 3834 3960 3861 3091 3587 3805 3622 3290 3010 2712 2195
-9999 -9999 623 613 609 443 402 431 392 311 342 442 619 817 791 774 711 647 610 549 542 548 489 516 497 483 536 561 566 585 729 924 699 433 1284 1948 2418 2233 2040 1909 1958 1866 1894 1794 1608 1542 1360 1141 805 752 872 942 1016 1088 1154 1222 1290 1288 1095 870 683 599 622 685 789 1057 1685 1802 2058 2934 3073 3731 4141 3709 3180 3263 3842 3877 3787 3595 3318 3082 2716 2224
-9999 -9999 817 767 689 571 465 467 387 398 409 474 680 772 750 703 657 620 559 517 520 465 481 459 521 579 652 707 732 836 1106 1364 1275 1329 1607 2466 2530 2231 2136 2006 1818 1789 1483 1723 1718 1503 1165 1271 1245 1008 808 800 919 971 1076 1142 1130 1030 944 807 582 524 556 685 895 1119 1420 1331 1822 2254 2576 3349 3072 3189 3454 3413 3856 3847 3732 3534 3312 3040 2857 2643
-9999 -9999 973 828 717 642 585 409 363 347 375 570 666 702 622 573 572 561 526 469 458 409 429 442 497 560 627 677 723 794 977 1039 1421 1598 2261 2685 2289 2052 1669 1606 1496 1107 1313 1433 1667 1551 1319 1420 1497 1488 1383 1101 837 905 964 993 943 824 817 732 505 467 535 606 949 1187 1299 1401 1256 2043 3059 3307 3464 3707 3882 4089 3983 3900 3639 3406 3241 3055 2884 2732
-9999 -9999 960 838 680 691 592 478 348 298 333 414 641 646 573 476 468 478 421 428 387 368 377 413 420 416 479 515 577 606 638 686 693 1562 2355 2504 2491 2016 1804 1533 1455 1188 1398 1643 1689 1683 1554 1586 1548 1276 1242 785 776 798 796 857 931 895 773 574 535 502 604 723 974 1089 1213 1301 708 2325 3623 4031 4057 4105 4103 4185 4148 3831 3497 3304 3133 3033 2919 2811
-9999 -9999 950 847 792 671 664 532 333 260 300 491 585 559 527 456 471 499 475 344 301 304 374 352 340 346 407 387 436 478 522 571 685 890 1702 2547 2338 2139 1931 1715 1463 1593 1739 1866 1893 1920 1629 1252 769 1254 764 1047 1009 640 625 776 843 746 539 508 441 566 673 825 924 1023 1197 1009 1439 2956 3824 4061 4076 3727 3610 3534 3710 3483 3156 2976 2841 2848 2758 2670
-9999 -9999 966 928 887 788 745 591 456 380 412 459 484 493 471 453 454 475 421 380 308 336 415 373 327 320 327 304 344 357 318 378 433 966 1416 2514 2578 2192 1983 1883 1835 1849 1954 1920 1994 1873 1374 1055 1103 1206 1370 1315 1282 1365 1289 1122 796 850 495 422 447 576 754 892 961 1075 1093 753 1918 3417 4233 4003 3802 3504 3343 3155 3205 3103 2828 2646 2546 2544 2562 2434
-9999 -9999 1063 981 976 970 834 687 567 434 388 387 428 479 475 467 406 383 362 378 341 374 441 454 369 318 340 317 368 398 445 653 1018 1257 1523 2312 2674 2397 2233 2126 2062 2005 1996 2007 1960 1505 1104 1111 1342 1410 1563 1529 1451 1492 1393 1432 1258 948 905 769 730 654 687 907 977 1039 1135 769 3159 3705 4117 4085 3840 3602 3385 3299 3143 2963 2709 2539 2458 2396 2375 2314
-9999 -9999 1224 1160 1168 1079 968 807 664 521 417 357 382 447 435 448 417 373 395 360 404 426 418 442 417 372 372 376 423 583 794 1157 1323 1426 1658 2375 2731 2376 2317 2184 2020 1940 1989 2044 1901 1659 1177 1402 1371 1447 1553 1502 1658 1669 1815 1731 1693 1436 1176 1030 1058 872 881 752 832 1347 1500 1908 3521 3954 3833 3836 3771 3598 3404 3208 3045 2805 2646 2475 2359 2294 2258 2191
-9999 -9999 1419 1275 1206 1085 955 864 745 600 400 230 366 380 464 470 424 399 339 339 338 353 406 430 471 506 464 537 747 979 1196 1486 1603 1955 2174 2509 2686 2590 2368 2230 2066 2026 2041 2082 2031 1805 1672 1563 1508 1522 1240 1198 1233 1648 1734 1952 2125 2065 1686 1659 1382 1249 1094 1215 1333 1439 1838 1843 3447 4050 3958 3708 3476 3243 3049 2898 2745 2589 2481 2329 2266 2171 2148 2076
-9999 -9999 1437 1271 1093 1041 950 848 777 673 492 437 362 448 509 494 433 390 361 307 344 370 382 443 544 633 651 707 908 1173 1398 1580 1891 2133 2402 2472 2856 2881 2580 2321 2142 2126 2106 2170 2157 2017 1853 1648 1469 1199 634 1178 1222 813 876 941 1020 1414 2027 1921 1752 1668 1441 1452 1617 1886 1957 2942 3788 4257 4101 3800 3523 3287 3086 2936 2774 2567 2345 2215 2123 2050 2055 2043
-9999 1652 1483 1296 1093 1028 949 860 810 745 558 506 511 606 639 598 458 386 371 341 360 386 428 547 676 832 862 934 974 1182 1434 1641 1869 2291 2532 2675 2979 2992 2781 2494 2427 2300 2296 2299 2308 2146 1933 1589 1563 1459 1003 1119 1172 1145 827 672 671 730 747 1289 1909 1892 1791 1805 1961 2174 2279 3164 3532 4359 4273 4042 3755 3498 3230 3067 2939 2673 2507 2369 2261 2204 2121 2039
-9999 1609 1447 1306 1095 1006 934 890 886 789 692 557 569 626 665 588 509 429 391 395 428 467 565 698 833 1036 1069 920 1048 1211 1451 1765 1984 2382 2593 2692 3125 3118 2939 2846 2646 2514 2439 2448 2421 2206 1898 1422 1423 1445 1449 1524 1686 1555 704 521 580 615 648 900 1714 1906 2249 2373 2249 2284 2791 3535 3612 4483 4456 4188 3896 3626 3397 3179 3044 2842 2606 2492 2395 2343 2265 2194
-9999 1747 1555 1319 1128 1050 966 955 927 860 732 560 499 524 583 533 572 510 481 500 567 687 775 901 1108 1132 1118 1159 1130 1416 1551 1875 2088 2425 2866 2778 3257 3251 3183 3077 2851 2713 2662 2618 2538 2174 1999 1749 1614 1588 1602 1756 1779 1780 1585 1083 636 434 738 971 1668 2190 2353 2654 2760 2448 2862 3768 4247 4508 4619 4360 4033 3784 3541 3367 3152 2984 2783 2646 2584 2497 2403 2284
-9999 1887 1656 1465 1215 1113 1060 1038 1013 892 760 604 458 462 531 516 595 607 578 611 700 802 939 1156 1285 1353 1325 1375 1558 1581 1746 1948 2138 2342 2773 2972 3332 3390 3370 3253 3042 2866 2847 2777 2620 2246 2073 1897 1790 1675 1750 1762 1839 1788 1817 1648 1460 1503 1628 1767 1940 2350 2595 2803 3022 2734 3139 4378 4459 5043 4806 4521 4119 3847 3608 3459 3299 3148 2971 2856 2722 2626 2520 2372
-9999 2021 1811 1605 1396 1256 1162 1100 1084 972 834 683 559 507 489 581 643 685 654 704 765 747 906 1204 1408 1484 1485 1536 1554 1640 1918 2139 2225 2391 2968 3246 3273 3483 3550 3393 3205 3082 3014 2958 2758 2330 2006 1984 1911 1860 1861 1783 1826 2005 1915 1918 1771 1832 1923 2049 2321 2568 2771 2946 3086 3107 2989 4538 4836 5317 4906 4644 4355 3931 3790 3664 3514 3401 3254 3047 2924 2756 2609 2398
-9999 2294 2013 1828 1513 1358 1288 1219 1190 1048 942 793 626 560 546 633 734 803 781 719 854 836 1004 1336 1567 1463 1527 1708 1650 1792 1912 2103 2363 2669 2934 3523 3477 3595 3793 3695 3506 3337 3231 3123 2900 2449 2104 2026 2038 2048 1958 1938 2025 2001 2125 2069 2002 2010 2093 2311 2590 2738 3024 3083 3162 2767 2967 4745 5434 5606 5191 4921 4591 4218 4185 4027 3894 3736 3504 3286 3092 2877 2654 2486
-9999 2343 2238 2070 1765 1514 1353 1352 1297 1197 1090 965 808 685 642 702 852 935 828 830 740 1035 1068 1476 1367 1631 1802 1596 1512 1718 1825 1995 2340 2563 3003 3329 3665 3653 4034 3915 3708 3550 3434 3242 2865 2449 2190 2000 1946 2107 2072 1985 1759 1757 1801 2065 2141 2257 2249 2480 2716 2989 3126 3344 3239 3157 4292 4521 4890 5107 5139 4943 4805 4528 4375 4231 4092 3877 3604 3378 3160 2961 2761 2589
-9999 2137 2139 2056 1931 1591 1431 1420 1397 1324 1226 1104 963 845 825 878 969 981 946 992 783 1016 1180 1391 1729 1756 1771 1558 1498 1396 1571 1893 2314 2662 2966 3316 3587 3745 4030 4188 3972 3668 3560 3302 2993 2548 2315 2031 1834 1987 1788 1794 1743 1733 1774 1794 2079 2115 2351 2559 2758 2899 3255 3418 3411 3116 4963 4622 4432 4596 4604 4458 4379 4475 4391 4306 4173 3929 3680 3493 3248 2995 2787 2607
-9999 1759 1985 1804 1570 1323 1273 1411 1440 1500 1423 1261 1159 1019 1042 1074 1122 1124 1027 957 896 791 986 1049 1349 1236 1574 1648 1703 1609 1695 1933 2310 2752 2856 3150 3627 4231 4040 4222 3839 3650 3616 3322 2932 2656 2370 2138 1927 2054 1885 1764 1724 1729 1173 1740 1746 2138 2168 2309 2478 2924 3338 3287 3289 3793 4888 4390 4540 4511 4462 4288 4125 4039 3937 3774 4137 4059 3791 3598 3358 3114 2907 2700
-9999 899 871 1407 1385 630 626 1145 1463 1745 1618 1463 1294 1234 1207 1236 1233 1293 1179 1119 1033 789 649 710 905 1103 1392 1675 1841 2040 2080 2106 2266 2404 2677 2540 2044 1307 2167 3564 3580 3579 3466 3364 3016 2656 2362 1983 1928 1775 1732 1916 1981 1693 1878 1971 1997 2105 2376 2533 2709 2944 3200 3537 3229 4814 4595 4534 4625 4488 4423 4196 3975 3861 3600 3861 4008 4056 3871 3689 3456 3225 2997 2847
-9999 1604 1126 1508 1284 674 193 648 989 1702 1823 1492 1422 1369 1360 1400 1494 1419 1373 1323 1275 1063 821 862 1103 1424 1792 1925 2121 2302 2242 2076 2227 2502 1887 1455 1290 1189 1030 1227 1331 1310 1096 2060 2367 2447 2060 1922 1704 1675 1673 1963 2035 2074 2075 2168 2290 2436 2632 2865 3023 3264 3436 3612 3729 5702 5017 4670 4644 4513 4328 4224 3985 3728 3537 3574 3685 4013 3847 3636 3488 3268 3023 2854
-9999 1804 1656 1402 1211 691 205 155 175 1057 1699 1549 1618 1502 1648 1662 1745 1696 1701 1548 1468 1178 969 1097 1523 1737 2254 2484 2435 2541 2642 2537 2346 1257 1282 1378 1180 900 954 1093 1019 1070 946 898 958 1625 1953 1790 1725 1732 1698 1950 2038 2023 2169 2234 2432 2649 2821 3019 3223 3454 3664 3851 4013 5032 4634 4735 4702 4489 4352 4241 4019 3745 3626 3516 3580 3502 3432 3465 3425 3270 3039 2869
-9999 2093 1981 1585 1089 743 345 215 215 256 1068 1923 2348 2460 2269 2760 2691 2672 2640 1992 1785 1479 1138 1204 1407 2023 1984 2108 2084 2083 2010 1975 1162 1190 1260 1246 882 847 782 1009 865 772 718 688 688 1532 1885 1778 1746 1715 1814 2046 2106 2108 2215 2359 2547 2717 2955 3181 3339 3626 3824 3810 5754 5422 5057 4798 4658 4456 4327 4214 4030 4091 3790 3582 3613 3512 3277 3080 2856 2917 2886 2720
-9999 2458 2253 1891 1290 786 460 210 274 236 346 1292 2371 2593 2528 1771 1785 1785 1849 2414 2596 2324 1890 1307 1359 1063 1050 1117 1130 1169 1235 1268 1191 1092 1067 1035 888 712 762 776 702 604 549 539 715 1689 1837 1847 1804 1783 1949 2166 2211 2301 2385 2520 2712 2885 3103 3319 3456 3754 3917 4060 6028 4994 4951 4759 4705 4490 4681 4594 4740 4526 4161 3627 3560 3313 3105 2898 2650 2428 2250 2289
-9999 2761 2506 2142 1607 902 498 152 217 219 364 688 1089 1343 1319 1241 1227 1190 1236 1244 1186 2203 2292 2170 1803 1041 948 975 996 1045 1123 1161 1092 851 933 833 786 562 617 705 514 473 381 447 546 1743 1992 1996 2069 2035 2161 2276 2387 2536 2645 2712 2838 3009 3250 3446 3582 3855 3899 3987 4511 4766 4856 4783 4897 4978 4946 5018 4966 4833 4382 3694 3457 3195 2938 2696 2460 2264 2096 1892
-9999 3009 2733 2366 1818 1097 503 347 129 214 301 538 1112 1276 1223 1187 1137 1135 1154 1133 1105 1162 1145 1385 995 901 775 822 883 939 1020 1004 945 846 783 717 609 461 393 462 390 317 284 368 416 1830 2273 2364 2318 2172 2273 2419 2575 2663 2795 2875 3018 3142 3215 3398 3539 3003 2427 2196 4248 4740 5008 4867 4762 4686 4870 4758 5019 4648 4507 3906 3547 3193 2899 2610 2356 2204 2031 2029
-9999 3180 2938 2599 2029 1273 605 312 138 190 271 550 988 1136 1095 1070 1067 1059 1087 1021 1032 1081 1025 986 889 764 726 710 719 786 851 890 778 746 576 528 429 306 287 346 332 305 259 297 340 637 2242 2426 2360 2334 2442 2557 2733 2820 2948 3059 3148 3272 3267 3192 3025 2367 904 2841 4359 4979 5026 5020 4872 4897 4827 4697 4666 4547 4277 4228 3881 3611 3178 2928 2687 2511 2352 2379
-9999 3384 3129 2752 2268 1609 1006 508 337 423 477 639 749 874 886 962 959 962 976 899 888 855 853 812 735 676 621 610 588 679 684 547 563 520 494 302 246 270 305 323 330 302 285 290 343 397 599 1714 2316 2457 2531 2666 2818 3031 3136 3230 3330 3201 3304 2956 1279 793 688 3312 4586 5066 5261 5013 4802 4915 4765 4955 4815 4668 4357 4386 4353 4005 3695 3478 3161 3031 2913 2718
-9999 3500 3243 2840 2392 1881 1341 918 632 533 582 625 651 725 829 936 940 883 813 740 709 724 679 649 609 579 559 390 390 414 478 522 567 500 462 299 326 270 295 314 286 282 234 258 260 436 492 535 628 2071 2712 2972 3126 3196 2985 2313 2305 2324 1382 1421 1352 713 870 3603 4747 5094 5158 4909 4918 4879 4757 4764 4760 4600 4388 4043 4221 4230 4071 3693 3534 3276 3074 3021
-9999 3652 3343 2990 2553 2063 1483 1178 949 779 638 562 516 669 772 948 965 911 705 571 560 589 550 528 528 496 442 409 411 450 523 567 606 593 492 406 383 320 384 343 322 290 313 328 465 467 483 452 435 525 1466 1453 1449 597 501 505 578 604 680 666 718 741 1958 4012 5133 5291 5109 5011 4718 4584 4534 4498 4426 4289 4159 4184 4082 4344 4095 3881 3546 3429 3270 3160
-9999 3751 3444 3105 2682 2200 1767 1593 1412 1332 1089 636 548 481 671 910 945 895 663 330 415 436 415 386 376 398 427 529 664 764 882 950 871 806 772 572 438 423 444 384 384 339 359 454 426 443 497 462 413 485 504 529 503 475 445 444 469 520 572 649 731 682 3222 4267 5271 5220 5185 4980 4785 4505 4322 4109 3974 3805 3597 3677 3704 4249 4127 3896 3837 3728 3636 3382
