gridcompare/set1_merge_results.asc
ncols         391
nrows         472
xllcorner     271845
yllcorner     3875415
cellsize      30
NODATA_value  -9999
[rows 37 to 73 of 472, columns 0 to 83 of 391]
-9999 -9999 -9999 -9999 -9999 -9999 -9999 -9999 -9999 -9999 -9999 2600 2413 2170 1964 1679 1385 1162 841 568 404 276 236 266 324 345 400 466 477 544 588 636 553 363 395 422 540 758 734 795 537 619 655 652 676 687 2661 8569 10050 9768 9093 8062 7114 6369 6202 6292 6419 6231 5906 5623 5564 5831 6126 8127 7224 4595 3435 3024 2693 2508 2254 2045 1894 2240 2887 3734 4148 4324 4510 4665 4817 4907 4592 3786
-9999 -9999 -9999 -9999 -9999 -9999 -9999 -9999 -9999 -9999 2468 2242 2063 1830 1583 1341 1119 953 738 561 409 338 298 377 401 436 468 527 553 636 688 637 549 265 187 182 229 360 393 607 1019 670 696 762 770 762 7221 9790 10200 9685 8507 7158 6115 5274 5223 5185 5531 5598 5150 4783 4851 5048 5339 5750 7605 8542 7488 5307 3246 2895 2618 2383 2140 1909 2736 3091 3762 4095 4147 4252 4441 4695 4436 3929
-9999 -9999 -9999 -9999 -9999 -9999 -9999 -9999 -9999 -9999 2231 2046 1763 1587 1248 947 714 558 549 481 380 315 389 452 510 592 763 1004 1316 1573 1931 1422 550 338 197 168 122 135 164 462 997 1104 1170 2449 1332 3602 9193 10892 10342 9565 8322 6958 5458 4395 3847 4272 4649 4794 4302 4140 4310 4592 5092 5514 5818 7667 8416 8081 6847 5730 3676 3210 2928 3326 3062 3714 3653 4097 3866 3871 3901 4017 4151 3804
-9999 -9999 -9999 -9999 -9999 -9999 -9999 -9999 -9999 -9999 2056 1841 1584 1344 1024 686 406 341 435 385 310 283 386 456 507 495 666 898 1224 1562 1910 2371 1999 342 220 190 127 152 189 329 1206 2754 3855 4382 5062 6795 11815 12055 10865 9761 8526 7268 5980 5581 5137 4035 4214 3629 3655 3651 3797 4083 4609 5050 5469 6050 7259 7993 8052 7390 6372 5845 5052 4608 4366 3987 3724 3852 3762 3578 3464 3406 3583 3343
-9999 -9999 -9999 -9999 -9999 -9999 -9999 -9999 -9999 -9999 1758 1574 1329 1044 833 425 323 302 313 303 269 248 275 294 354 402 481 717 936 1303 1782 2061 2161 1489 296 178 199 170 194 290 952 2392 3654 4333 5407 8615 11805 12165 11681 10140 9551 9035 8314 7508 7098 6776 5417 4915 4360 3634 3563 3686 4043 4442 4912 5265 6295 6728 7314 7603 7255 6203 5638 5061 4549 4364 3890 3764 3662 3454 3326 3189 3162 2915
-9999 -9999 -9999 -9999 -9999 -9999 -9999 -9999 -9999 -9999 1462 1312 1148 780 709 444 354 294 268 272 261 232 238 260 302 342 355 479 689 878 1145 1407 1685 1546 340 202 230 198 183 215 481 1380 2635 3569 5564 8324 11123 12100 11544 10805 9875 9408 9161 8710 8029 7471 6875 6221 5575 4809 4114 3644 3357 3623 4132 4679 5263 5869 6339 6603 6958 6588 5702 5152 4630 4448 3937 3657 3631 3381 3076 2827 2655 2185
-9999 -9999 -9999 -9999 -9999 -9999 -9999 -9999 -9999 -9999 1409 1230 853 810 722 475 376 313 302 310 314 271 234 229 258 300 301 334 529 599 986 1227 1421 1681 1074 319 281 254 230 227 162 228 1170 2738 4600 7274 10849 11876 11512 10800 9991 9037 8687 8198 7481 7003 6595 6197 5530 4794 4011 3038 2556 2384 3063 3653 4384 5294 5643 5831 6250 6346 6060 5256 4578 4294 4032 3795 3500 3241 3043 2714 2418 1886
-9999 -9999 -9999 -9999 -9999 -9999 -9999 -9999 -9999 -9999 1088 940 1202 1064 729 499 426 354 348 377 371 293 240 214 254 301 333 335 319 319 394 933 920 998 1129 432 326 306 292 256 131 44 55 1156 3078 6533 10155 11490 11287 10565 9646 8656 7731 7014 6170 5899 5819 5375 4668 3926 3044 2071 1606 1450 1398 2294 3358 4563 4878 5296 5482 5959 5818 5323 4569 4304 4040 3726 3611 3322 2782 2485 2318 1870
-9999 -9999 -9999 -9999 -9999 -9999 -9999 -9999 -9999 -9999 1697 969 850 802 1024 820 507 463 411 474 455 322 226 210 262 315 373 454 509 851 996 1051 1731 2185 1999 1979 473 424 356 316 178 39 40 49 2156 5970 9994 11405 11168 10625 9858 8369 7503 6253 5488 4859 4276 3773 3233 2571 2293 1921 1661 1472 1291 1491 2478 3487 4171 4631 5011 5582 5586 5277 4525 4092 3644 3678 3511 3131 2429 2236 2095 1636
-9999 -9999 -9999 -9999 -9999 -9999 -9999 -9999 -9999 -9999 2150 1969 1719 1418 1084 828 515 414 454 591 513 385 243 211 270 340 411 464 704 901 1174 1633 1951 2256 2687 2661 2084 1198 507 364 203 100 82 74 2273 8346 10149 10981 10904 10481 10079 9364 7597 5945 4202 3641 3073 2831 2582 2342 2090 1976 1871 1596 1472 1418 1681 2372 3360 3881 4676 5012 5232 4991 4571 4295 3920 3608 3389 2363 1999 1879 1896 1568
-9999 -9999 -9999 -9999 -9999 -9999 -9999 -9999 -9999 -9999 2241 1918 1662 1345 981 625 380 331 471 595 562 400 275 234 287 338 400 347 498 681 972 1269 1653 1947 2247 2627 3210 3336 2076 281 151 101 152 1287 7669 9622 10048 10214 10408 10204 9891 9402 8679 6518 4297 3825 3128 2784 2451 2360 2108 2275 2085 1890 1759 1652 1897 1855 2592 3411 4424 4911 4994 4828 4610 4381 4060 3636 3149 2622 2019 1845 1761 1508
-9999 -9999 -9999 -9999 -9999 -9999 -9999 -9999 -9999 -9999 2056 1733 1467 1132 753 415 301 250 491 583 496 370 298 309 342 369 366 313 315 424 717 921 1007 1307 1749 2276 2755 3362 3555 2987 541 591 1272 7063 9026 9834 9804 9689 9618 9546 9539 9442 9178 8445 6629 5447 4079 3551 3339 3096 2689 2751 2370 2121 2045 2070 2261 2173 2383 3624 4194 4637 4777 4486 4367 4155 3686 2944 2674 2624 2580 2239 1782 1426
-9999 -9999 -9999 -9999 -9999 -9999 -9999 -9999 -9999 -9999 1804 1479 1268 924 605 285 231 258 469 581 531 460 394 402 399 403 384 266 281 262 421 615 645 937 1363 1888 2344 2860 3341 3302 2212 903 7349 8800 9581 9668 9341 9168 8987 8751 8513 8262 8609 8802 8978 7849 7039 6750 5977 4981 4718 3680 3161 2989 2872 2963 2883 2556 3230 3618 4013 4364 4532 4136 3984 3686 3135 2588 2785 3286 3884 2882 2233 1494
-9999 -9999 -9999 -9999 -9999 -9999 -9999 -9999 -9999 -9999 1736 1410 1172 808 515 234 190 260 491 571 556 553 516 474 446 426 393 364 347 328 361 464 443 529 946 1456 1982 2445 3176 3533 3769 8501 9877 9969 9970 9664 9363 8966 8471 8075 7627 7352 7312 7943 8929 8920 8323 7929 7783 7588 7276 6953 6145 5521 4548 4352 3836 3419 3534 3541 3945 4165 4205 3883 3640 3406 2705 2423 2457 3034 3692 3441 2265 1716
-9999 -9999 -9999 -9999 -9999 -9999 -9999 -9999 -9999 -9999 1539 1252 1097 718 320 170 193 286 469 550 615 650 628 574 493 455 407 385 381 418 384 237 153 182 565 1021 1657 2177 2723 3382 4643 9551 11021 10782 10216 9670 9246 8968 8492 8076 7443 6748 6523 7256 8021 8377 8251 8097 7914 7693 7579 7777 7583 7312 6752 6151 5685 5014 4265 4183 3938 3863 3815 3585 3515 2984 2498 1907 2049 2388 3428 2920 2335 1684
-9999 -9999 -9999 -9999 -9999 -9999 -9999 -9999 -9999 -9999 1316 989 715 666 270 209 226 372 538 617 662 739 719 649 547 434 413 406 426 450 440 252 88 94 236 663 992 1397 1884 3037 5724 9772 10939 10539 10091 9789 9218 8742 8221 7812 7084 6436 6496 6770 7177 7694 7494 7258 7012 6949 6697 6869 7092 7382 7286 6861 5956 5339 4976 4409 3979 3578 3477 3507 3216 2736 1555 1649 1660 2035 2979 2950 2338 1671
-9999 -9999 -9999 -9999 -9999 -9999 -9999 -9999 -9999 -9999 1426 1431 1008 619 241 182 249 381 530 665 736 817 818 723 564 463 412 437 468 505 473 308 101 77 81 147 442 847 1184 2303 5155 9299 10197 10198 9701 9426 8898 8398 7958 7446 7035 6437 6279 6340 6766 7022 7090 7129 6732 6591 6278 6011 5959 6327 6630 6913 6252 5470 4886 4412 3978 3629 3275 3264 3018 2374 1778 1689 1935 2446 3035 3072 2288 1895
-9999 -9999 -9999 -9999 -9999 -9999 -9999 -9999 -9999 -9999 1893 1430 968 558 268 168 248 380 568 670 798 890 861 756 638 541 452 442 491 771 888 355 107 73 58 68 119 191 522 1423 5367 9141 9640 9477 9338 8860 8325 7918 7448 7102 6532 6296 5969 6078 6239 6440 6480 6721 6583 6433 5982 5656 5405 5526 5741 6365 6244 5367 4702 4205 3792 3470 3170 3069 2757 1675 1988 1957 2462 3844 4510 3591 2832 2160
-9999 -9999 -9999 -9999 -9999 -9999 -9999 -9999 -9999 -9999 2014 1453 724 459 183 153 248 492 523 607 830 870 880 783 656 539 465 373 246 430 746 319 120 94 72 71 130 193 311 1010 7008 9554 9505 8954 8506 8165 7550 7185 7003 6634 6193 6082 5793 5738 5699 5830 5827 5993 6103 6162 5754 5315 5032 5095 5171 5767 5866 5494 4604 4108 3795 3366 3005 2921 2618 2991 3264 3577 4028 4578 5201 5002 3949 3150
-9999 -9999 -9999 -9999 -9999 -9999 -9999 -9999 -9999 -9999 1653 1006 486 236 158 334 666 489 424 526 793 867 883 840 688 565 469 374 266 245 398 378 191 139 113 124 178 251 1050 3830 9134 9967 9407 8611 8302 7723 7133 6705 6205 6259 6028 6010 5706 5473 5290 5315 5357 5568 5824 5858 5372 4952 4725 4589 4790 5032 5544 5290 4788 4082 3522 3226 2857 2749 2968 3387 3694 4051 4167 4171 4243 4619 5039 3909
-9999 -9999 -9999 -9999 -9999 -9999 -9999 -9999 -9999 -9999 580 349 259 220 120 704 1101 1186 938 988 868 839 1067 1191 941 597 493 332 272 282 511 560 338 227 174 199 239 1056 3648 7277 10587 10363 9700 9178 8214 7686 6952 6561 6445 6283 6144 6005 5580 5555 5540 5261 5266 5273 5515 5427 5215 4844 4516 4357 4383 4367 4974 5047 4640 4075 3596 3089 2788 2571 2700 3201 3631 3876 3871 3901 3995 4047 4312 4752
-9999 -9999 -9999 -9999 -9999 -9999 -9999 -9999 -9999 -9999 309 282 258 198 251 814 1446 1757 2171 2310 2521 2503 4854 3651 1616 732 475 381 377 344 540 1120 521 317 352 932 1947 4978 6753 9019 9728 10551 10130 9548 8799 7943 7490 7360 7030 6808 6595 6449 6420 6227 5856 5795 5607 5630 5436 5043 4637 4498 4433 4043 3910 3986 4291 4321 4297 3821 3381 3064 2885 2393 2393 3119 3534 3632 3672 3765 3935 4128 4404 4880
-9999 -9999 -9999 -9999 -9999 -9999 -9999 -9999 -9999 -9999 296 286 281 228 205 1757 1910 2226 2524 3438 3941 5014 6492 6464 4629 828 484 428 424 398 1064 1837 4492 5824 5392 5356 6614 7079 8268 8720 9140 9707 10368 9661 9185 8699 8288 7745 7320 6880 6645 6691 6654 6694 6183 5867 5576 5534 5037 4598 4408 4179 4185 4077 3557 3524 3819 3794 3670 3546 3340 3067 2958 2280 2624 3228 3264 3387 3497 3620 3727 3961 4352 4749
-9999 -9999 -9999 -9999 -9999 -9999 -9999 -9999 -9999 -9999 341 357 360 574 1702 2109 2089 2437 3020 3318 3508 3677 4026 4817 5184 1923 569 540 586 2742 4569 5966 6476 7193 7172 6549 6851 7942 8335 8134 8229 8590 9501 10129 9360 8753 8217 7706 7148 6697 5942 5559 5866 6524 6283 6014 5506 5126 4674 4172 4097 3962 4062 3910 3555 3554 3781 3495 3564 3318 3024 3050 3004 3142 3404 3312 3336 3282 3389 3506 3607 3785 4060 4487
-9999 -9999 -9999 -9999 -9999 -9999 -9999 -9999 -9999 -9999 409 426 918 1619 2016 2376 2226 2467 2553 2441 2544 2516 2768 3094 3896 5640 6787 7168 7272 6798 6799 6421 7556 7535 7508 7347 7416 7722 7796 7471 6775 6925 8324 8845 9154 8612 7964 7426 6785 6048 5113 4954 5234 5879 6153 5964 5439 4952 4634 4034 3908 3805 3708 3693 3635 3579 3752 3546 3446 3222 3016 3017 3082 3285 3523 3672 3650 3552 3353 3265 3179 3311 3549 3882
-9999 -9999 -9999 -9999 -9999 -9999 -9999 -9999 -9999 -9999 453 1188 2783 3421 3360 2974 2658 2353 2146 2235 2338 2486 2770 3524 5478 7511 8074 7867 7745 7615 7405 7440 7572 7484 7423 7238 7231 7282 7144 6478 5942 6104 7202 7973 8480 8360 7684 7039 6424 5735 4749 4516 4671 4872 5602 5557 5135 4694 4466 4036 3769 3554 3459 3470 3723 3985 4113 3861 3460 3074 2844 2964 3061 3213 3447 3588 3531 3329 3188 2944 2718 2713 2769 3053
-9999 -9999 -9999 -9999 -9999 -9999 -9999 -9999 -9999 -9999 1411 3853 4489 4327 3748 3180 2756 2608 2456 2797 2878 2936 3516 4889 5773 7250 7906 7890 7726 7526 7553 7358 7264 7182 7122 6939 6817 6662 6430 6049 5523 5732 5953 7647 7992 8041 7288 6688 5983 5432 4765 4304 4288 4442 5283 5292 4926 4550 4274 3934 3694 3396 3231 3155 3385 3804 4141 3913 3329 2996 2748 2909 3002 3089 3295 3407 3410 3242 2994 2500 2240 2300 2361 2333
-9999 -9999 -9999 -9999 -9999 -9999 -9999 -9999 -9999 -9999 3806 4735 4992 4477 3897 3349 2840 2807 2850 3114 3232 3703 4586 5317 5747 7451 7661 7699 7465 7220 7091 6937 6866 6706 6628 6419 6323 6143 5809 5464 5257 5428 5608 6929 7402 7763 6959 6278 5726 5243 4719 4115 3922 4004 4658 5085 4852 4454 4004 3667 3253 2859 2567 2696 2988 3387 3736 3482 3173 2910 2730 2744 2960 2976 3041 2998 3226 3277 2769 2525 2509 2704 2521 2462
-9999 -9999 -9999 -9999 -9999 -9999 -9999 -9999 -9999 -9999 4627 5117 5069 4651 4102 3577 3109 2797 2885 3114 3447 4286 4906 5281 5559 7088 7341 7247 7005 6785 6581 6442 6371 6197 6085 5892 5754 5504 5275 5107 4858 4954 5155 5795 6717 7584 6670 6125 5620 5092 4484 4081 3610 3646 3705 4197 4332 3966 3548 3071 2750 2214 2062 2024 2293 3224 3478 3064 3143 2968 3006 2997 2992 2894 2724 2908 3237 3344 3398 2858 3061 3165 3313 4141
-9999 -9999 -9999 -9999 -9999 -9999 -9999 -9999 -9999 -9999 5472 5497 5221 4965 4301 3803 3249 2946 2894 3187 3925 4483 4840 5113 5666 6577 6776 6774 6550 6353 6155 5994 5827 5723 5578 5344 5232 5064 4971 4803 4470 4550 4723 4934 6166 7235 6932 6258 5643 5016 4441 3959 3524 3299 3318 3328 3606 3093 2795 2353 2132 1999 1756 1714 2336 2732 3375 3054 3027 2954 3042 3012 3000 2807 2590 2835 3276 3654 4018 4410 4481 4948 5533 5523
-9999 -9999 -9999 -9999 -9999 -9999 -9999 -9999 -9999 -9999 7302 6364 5813 5264 4677 4076 3558 3117 2870 3214 3864 4368 4641 5288 5827 6099 6248 6214 6063 5829 5720 5554 5402 5260 5096 4929 4826 4653 4539 4405 4125 4138 4329 4504 5180 5845 6693 6343 5717 5197 4442 3927 3677 3384 2890 2624 2787 2499 2071 1885 2021 1897 1766 1700 2234 3530 3779 3148 2851 2804 3070 3077 3039 2909 2563 2980 3245 3780 4156 4676 5154 5593 5730 5696
-9999 -9999 -9999 -9999 -9999 -9999 -9999 -9999 -9999 -9999 7422 6687 5973 5412 4886 4326 3912 3524 3136 3412 3858 4145 4901 5450 5498 5656 5723 5776 5708 5512 5298 5107 4935 4863 4708 4584 4359 4314 4095 4002 3826 3845 3966 4158 4383 5244 5653 6216 5859 5282 4534 3918 3466 2996 2521 2257 2060 1975 1766 1895 2121 1989 1653 1606 3099 3889 3793 3414 3210 3172 3126 3126 3144 3194 3256 3382 3703 3878 4155 4477 4866 5267 5394 5225
-9999 -9999 -9999 -9999 -9999 -9999 -9999 -9999 -9999 -9999 7236 6619 5952 5411 4894 4532 4032 3659 3334 3364 3682 3910 4637 5233 5186 5187 5138 5276 5285 5180 4911 4761 4593 4514 4431 4178 4013 3882 3756 3702 3717 3675 3678 3860 4116 4542 4866 5131 5469 5240 4647 4161 3584 2999 2472 2032 1777 1582 1840 1928 2108 1838 1668 1995 3385 4083 4028 3546 3325 3055 3002 3048 3069 3148 3266 3426 3624 3887 4081 4367 4695 4825 4878 4580
-9999 -9999 -9999 -9999 -9999 -9999 -9999 -9999 -9999 -9999 6962 6378 5792 5282 4809 4470 4036 3663 3379 3204 3435 3725 4706 4829 4827 4643 4697 4776 4921 4758 4568 4504 4306 4206 4080 3925 3675 3571 3461 3427 3483 3483 3429 3577 3688 4267 4380 4400 4883 5054 4817 4150 3658 3188 2711 1680 1373 1468 1926 2201 2116 1962 2081 2709 3659 3942 3583 3125 2921 2940 2938 2984 3003 2952 3097 3305 3441 3618 3809 4136 4348 4408 4351 4263
-9999 -9999 -9999 -9999 -9999 -9999 -9999 -9999 -9999 -9999 6632 6164 5657 5156 4698 4233 3974 3740 3490 3068 3245 3943 4345 4486 4431 4193 4241 4304 4434 4375 4187 4084 3978 3822 3655 3516 3423 3357 3232 3233 3335 3198 3143 3468 3553 3747 3737 3796 4014 4475 4631 4288 3967 3549 2839 1862 1709 1937 2334 2490 2241 2166 2710 3048 3414 3587 3164 2919 2787 2716 2717 2959 2952 2955 3001 3206 3369 3506 3774 4018 4090 4018 3904 3899
-9999 -9999 -9999 -9999 -9999 -9999 -9999 -9999 -9999 -9999 6371 5914 5479 5036 4658 4292 4066 3898 3514 3396 3523 3894 3965 4159 3929 3808 3844 3970 3851 3751 3576 3573 3569 3266 3134 3050 2945 2916 2983 2964 3046 3122 3116 3273 3254 3226 3300 3475 3510 3706 4062 4053 3777 3642 3212 2964 2422 2757 2666 3093 2576 2900 3296 3407 3682 3430 2751 2644 2651 2756 2822 2856 3053 3074 3010 3127 3310 3458 3644 3806 3840 3705 3659 3584
-9999 -9999 -9999 -9999 -9999 -9999 -9999 -9999 -9999 -9999 6062 5742 5348 4953 4563 4299 4075 3946 3750 3563 3783 3770 3725 3622 3461 3481 3583 3463 3326 3115 3042 2897 2851 2711 2647 2580 2573 2663 2703 2707 2774 2974 3027 3057 2844 2908 2853 3107 3264 3292 3773 3247 3108 2927 2920 2681 3268 3488 3896 3676 3257 3469 3645 3934 3617 3247 2826 2618 2553 2836 2835 2983 3085 3060 3050 3048 3243 3344 3541 3607 3643 3617 3505 3385
