gridcompare/set1_VC2.laura.asc
ncols	391
nrows	472
xllcorner	271845
yllcorner	3875415
cellsize	30
NODATA_value	-9999
[rows 304 to 341 of 472, columns 168 to 251 of 391]
3524 3624 3929 4991 4704 4886 4882 4476 4380 3914 4385 4769 5384 6231 6848 7182 7621 7124 6781 7622 8052 8185 9077 9633 9159 8802 8846 8866 9176 9635 12686 13736 13902 14073 13872 15350 17341 17315 9564 7750 7341 6687 5887 3775 3108 2562 3430 5177 5461 5224 4518 5237 5007 4647 4115 3726 3291 2915 2504 2134 1716 1545 1517 1767 1906 2020 1981 1829 1757 1539 1496 1424 1793 1891 1852 1611 1582 1490 1203 1306 1691 1659 1776 1732
3904 4324 4876 4733 5090 5847 5329 5279 5074 5350 5048 5236 5701 6367 7119 7865 8464 8064 6889 7183 8193 7586 7956 9473 10218 9668 9518 9360 9407 9706 10138 10644 13907 13887 13986 15306 20147 8064 7484 6939 5854 5026 4325 3392 2598 2189 3290 5155 5211 5302 5508 4752 4358 4269 3907 3463 3052 2656 2248 1914 1371 1108 1222 1876 2334 2402 2279 2123 2007 1837 1706 1538 1971 2131 2033 1932 1804 1629 1458 1226 1658 1789 1679 1712
3677 4576 5022 5003 5510 6337 6326 5661 5874 6032 6342 5469 5548 6260 6988 7987 8639 8289 7008 6353 6537 7019 7547 8004 8901 9043 9280 9253 9376 9976 10207 10549 10980 11472 14741 20039 8021 7777 7073 5892 5082 4432 3351 2890 2052 1931 3001 4405 4707 6009 5400 4689 4267 3895 3627 3055 2599 2241 1897 919 497 628 1392 2428 2682 2756 2616 2425 2274 2070 1909 1707 2136 2343 2228 2139 2021 1898 1826 1279 1852 2133 1905 1836
3736 4895 5478 5750 6245 6515 6843 6188 6860 7111 6821 5763 5932 6462 7145 8206 8733 8281 7822 6536 6396 6991 7389 7822 8395 8821 9086 9325 9534 9501 9784 9898 10756 12154 11860 8628 7573 7170 6691 5202 4504 3795 2909 2382 1781 1700 1909 3624 4124 5246 5070 4505 4054 3417 3075 2650 2159 1710 971 599 585 585 1571 2892 3311 3190 3028 2754 2530 2298 2052 1803 1910 2524 2508 2357 2386 2270 2246 2116 2628 2570 2473 2034
3750 4471 5965 6249 6711 7106 7223 7432 7776 8056 6785 6525 6178 6918 7689 8503 8964 8498 8102 7502 6979 6726 6795 6941 6559 6686 7807 6868 6961 7022 7104 7190 7586 7933 10239 6189 7219 6813 5531 4645 4034 3241 2578 2064 1584 1469 1691 3024 3379 3085 3607 3236 3335 2617 2419 2039 1338 917 676 723 734 735 1804 3579 4048 3838 3498 3153 2856 2592 2139 1032 1971 2567 2790 2809 2875 2933 2868 3162 3214 3169 2776 2260
3864 4416 5645 6387 7112 7732 7956 8345 8360 8689 6521 6447 7078 7751 8469 8931 9233 9334 8805 8394 7254 6428 6232 6065 4653 4764 4973 5120 5205 5429 5797 6988 7176 8453 7847 6091 6808 5823 4982 4352 3536 2870 2248 1858 1389 1252 1483 2338 2463 2343 2212 1936 2452 2004 1380 1026 949 669 703 779 879 1189 1478 4421 4891 4690 4094 3530 3022 2772 2382 1761 1346 1599 3203 3529 3444 3786 3784 3961 3742 3448 3168 2755
4060 4581 6032 6870 7259 7884 8355 9221 9781 8724 7673 6791 8025 8497 9059 9643 9558 9686 9773 9379 7623 5841 4749 5270 4173 4425 4639 4835 5236 6087 7244 8164 9143 10702 6746 6648 5935 5002 4437 3793 3230 2519 1875 1642 1412 1283 1191 1569 1686 1715 1474 1108 976 1016 954 909 611 673 714 764 1309 1734 2110 5291 5806 5403 4906 4196 3530 3044 1876 1535 1793 1994 3161 3991 4328 4359 4569 4371 4293 3971 3620 3069
4207 4613 5097 6815 7699 8476 8868 9183 9525 9559 8351 8792 8672 9225 9572 9928 10036 9586 10026 9521 8150 5162 3378 4497 4410 5061 5386 5604 6493 7425 8124 8618 9702 8526 6641 6081 5184 4553 4011 3391 2804 2155 1739 1365 1106 921 860 1047 1122 1130 612 385 671 912 906 588 672 647 715 782 1623 2390 2827 5768 6257 6049 5567 4801 3948 3338 2212 1877 2232 2620 3622 4440 5062 4963 5077 4943 4737 4612 4164 3564
4294 4667 5055 5599 6398 7963 9488 9899 10044 9375 9133 9658 9238 9950 10054 9585 10190 9807 9636 9535 7032 5175 3595 3274 4797 5428 5781 6443 7228 7857 8485 8878 13194 6901 6451 5460 4738 4053 3590 3025 2486 1922 1561 1041 758 630 610 605 675 496 315 698 935 948 749 654 656 664 707 756 1033 2795 3129 6289 6610 6437 5972 5304 4433 3755 2295 2467 2808 3174 4284 5655 5908 5680 5683 5508 5352 5077 4594 3886
4098 4421 4717 5403 5846 6322 9264 10232 10342 9982 10172 9632 10149 9731 10338 10265 9474 9057 9772 8918 7002 4461 3546 4244 5114 5890 6440 7084 7696 8362 8966 9085 11160 6948 6105 5188 4394 3766 3315 2779 2162 1725 1174 799 512 481 453 476 479 761 886 914 983 610 646 615 635 659 712 753 833 3040 3445 4401 7239 6926 6476 5681 4789 3020 2711 3008 3454 3816 4786 6248 6743 6498 6451 6131 5903 5439 4899 4317
3273 3438 4365 4693 5547 6283 8949 10704 10908 10743 10675 10172 10694 9910 9305 10741 8776 9070 9071 8704 5838 4230 3583 5371 5889 6256 6924 7475 8112 8762 9106 14750 7337 6968 6064 5119 4241 3447 2855 2430 1943 1292 903 463 408 387 393 400 1211 1281 1150 494 590 610 683 809 654 689 691 761 802 900 3715 4216 7645 7455 7002 6057 5222 3528 3273 3639 4037 4467 5474 7009 7774 7392 7081 6758 6323 5655 5015 4617
3644 3940 4156 4467 5310 6273 7308 10968 11380 11122 11004 11095 10340 10207 10064 8970 9476 8220 8189 8177 5725 3274 4896 5929 6226 6534 7008 7702 8111 8552 9613 13010 7566 7108 6159 5095 4218 3349 2701 2107 1444 963 699 491 379 307 320 386 1443 1416 453 535 720 928 1057 1251 1353 670 721 742 771 874 2934 4539 8572 7965 7444 6546 5522 3530 3732 4139 4585 5176 6331 8282 8516 8159 7831 7267 6640 5944 5328 4525
4179 4370 4524 5010 5611 6538 9530 11369 11744 11533 12016 10755 10582 10519 9533 9248 9001 8267 7563 7165 4617 3627 5974 6551 6822 6942 7304 7555 7949 8406 7667 9736 7477 7041 6138 5265 4326 3442 2706 1806 1205 777 483 564 288 301 368 483 1677 1654 526 696 986 1279 1523 1762 2021 1268 796 742 758 830 985 4987 8961 8563 7930 6895 5665 3991 4196 4651 5192 5746 6850 9059 9343 8895 8396 7533 6838 5937 5217 4578
5522 5686 5975 6420 6248 6841 10608 11977 12066 12076 11871 10987 10924 9878 10387 9568 9320 8010 7747 6738 5226 4569 6306 6902 7277 7401 7600 7675 7798 7792 7833 7300 7359 6814 6207 5240 4398 3600 2732 1851 1388 871 837 742 288 367 463 491 2119 1424 797 1031 1408 1747 2094 2421 2593 2695 2528 1501 1913 2093 3409 5588 9515 9027 8277 7216 5860 4384 4645 5039 5687 6365 7531 10323 10061 9420 8761 7813 6999 6024 5235 4628
7744 8083 8086 8300 9488 10515 11542 12229 12209 11850 11376 12014 10294 10747 10687 10599 9692 8459 7663 6498 5543 5346 6728 7295 7598 7901 7984 8066 8382 8804 5539 6440 7033 6641 6002 5270 4315 3385 2608 2025 1624 1337 277 333 410 479 546 738 973 1235 1461 1742 2038 2386 2671 2844 3040 3302 3560 3871 4402 4918 5552 6306 10189 9562 8713 7699 6345 5003 5245 5717 6324 7308 9686 11561 10610 9848 8846 8208 7344 6405 5439 4813
9150 9577 10032 10419 10994 11433 12139 12216 12114 11985 11539 12167 11332 10872 11742 11043 10085 8808 8577 6776 5795 5704 6563 7537 7931 8097 8259 8794 7854 4229 3811 6161 6745 6331 5699 4907 3976 3105 2490 2032 1715 553 345 441 529 714 1041 1264 1633 2026 2685 4709 4651 2781 2961 3236 3591 3904 4335 4949 5666 6284 6977 7487 10974 10175 9543 8547 7453 5976 6358 7140 8186 9062 12844 11650 11200 10209 9181 8302 7153 6256 5806 5064
10005 10420 10786 11213 11845 12360 12631 12704 12191 11705 12325 10930 11688 11842 11905 12264 10580 10009 8538 7707 6469 6208 6352 7764 8190 8357 8711 4610 2871 3715 4001 5951 6427 5953 5272 4406 3495 2757 2271 2032 730 467 396 518 719 1074 1616 2137 2468 2753 3270 5782 5323 4662 3358 3733 4070 4646 5329 6127 6944 7679 8269 10436 11589 10559 10263 9227 7531 8142 8954 9800 10734 13689 13745 12877 11485 10382 9344 7429 6631 6364 5878 5432
10476 10840 11228 11745 12216 12743 12913 12706 12443 12674 11228 12303 11168 11796 12508 12713 10944 10373 9642 9787 7042 6603 6127 7718 7974 7788 2662 1963 2288 3073 3802 5653 6014 5487 4700 3834 3067 2532 2046 1265 519 351 370 494 964 1524 2093 2740 3386 3643 4007 7132 6338 5940 3772 4251 4921 5657 6476 7131 8043 8831 9600 11334 11998 11263 11132 9139 10094 10887 11488 12370 12830 16725 14895 13502 11967 10643 8278 7362 6587 6449 6073 5653
10854 11354 11503 11703 12077 13062 13369 13210 12318 13028 12039 11485 12096 12197 12259 13297 12897 11606 10593 11257 9053 8128 8041 7627 6998 3779 2246 2002 2378 2740 4820 5700 5520 4927 4012 3299 2746 2250 1625 1004 423 338 337 497 653 805 2639 3348 4159 4795 5447 9031 7604 6810 4463 5066 6258 6973 7741 8599 9780 10603 11013 12779 13288 12053 9930 11293 11936 12522 13414 14006 15926 17518 15611 13507 11994 10608 9417 7999 7152 6512 5974 5681
11112 11748 12038 12309 12342 12966 13482 13392 14547 13188 12947 12604 11673 12256 12345 14006 14154 13070 11566 9523 11131 8783 7248 6036 2983 2500 2630 2747 3149 4793 5671 5441 4932 4170 3530 2961 2417 1677 985 1043 853 338 390 518 697 928 2480 3968 5204 6708 7388 11147 9279 8400 5653 6582 7647 8598 9631 10604 11881 12330 14221 14355 13132 12115 11551 12473 13105 13807 14650 15194 18845 16896 16132 13495 11922 10764 9675 8512 7600 6817 6203 5983
11561 12028 12156 12543 13005 13577 13960 13748 14637 13771 13626 13343 11983 13939 11878 14287 14848 14364 12711 11436 10071 5524 5400 3494 4805 3880 4825 5145 5068 5538 5648 5307 4535 3791 3189 2587 1766 920 983 892 670 718 454 597 794 1078 1601 3831 6907 8429 9041 12745 10835 10008 7040 7898 9400 10589 11803 13038 13833 14275 16774 14776 14159 12589 12018 13360 13950 14617 15532 16179 20188 17509 15073 13279 11523 10484 9404 8346 7474 6717 6366 5989
11787 12209 12750 12901 13315 13863 14267 14126 15166 14321 15182 13195 12164 14635 13988 13934 16247 14842 13646 11312 8907 7186 6725 6819 6804 5699 6824 5455 5495 5697 5624 4983 4242 3593 2986 2158 1157 854 1008 850 965 968 1141 1026 978 1366 2087 3326 6433 9972 11227 13507 12222 11174 8140 9415 11014 12535 13896 14917 15663 17229 17322 15322 15032 13483 13906 13127 14196 14744 15333 17864 19288 15533 12266 6818 6565 3405 2964 5442 6795 6753 6459 6262
12321 13084 13326 13644 13838 14385 14464 14396 15429 14622 15963 13865 14366 14354 14297 16198 16778 15498 13946 12283 10089 8374 8390 8498 7616 8264 9723 7518 6604 6127 5562 4828 4074 3460 2708 1683 1007 958 984 945 896 1007 1177 1540 1782 2283 3292 4642 5998 7009 12446 14581 13873 11624 9091 10935 12411 14048 15517 16662 17534 20180 17740 16872 15794 15061 13046 16310 12692 13554 13706 19035 16788 13047 4850 4151 3609 2994 2746 5296 6641 7029 6765 6669
13354 13608 14056 14313 14665 14773 14609 14359 13768 15667 16631 14240 16445 14121 16714 17220 16977 15688 13988 12843 10604 9770 9267 10439 9694 11297 10886 8538 6532 6028 5388 4637 3935 3224 2340 1385 1004 1000 965 982 1039 1210 1430 1658 2011 2562 3497 4765 5982 7116 8031 13509 13695 14751 11542 12633 13730 15482 17357 18012 18841 22875 19226 18165 17103 15943 14753 16067 14766 12357 12760 18808 7304 5086 4456 3956 3404 4621 7707 7174 7640 7347 7136 6776
13999 14509 14508 14673 14817 14455 14482 14622 14775 16028 17582 16837 16794 16670 16636 18047 17426 15565 14413 13541 12349 11392 11717 12617 12615 12457 11054 7698 6526 5827 5016 4388 3733 3006 1919 1062 976 932 957 990 1027 1230 1472 1772 2047 2626 3115 3708 4294 4830 5252 6129 12868 14821 14840 14716 15310 15554 18560 19672 20238 23661 20442 19629 18344 16900 16846 17116 16473 15365 13384 15189 12909 11375 9865 9898 9104 9590 8801 8413 7788 7588 7241 6946
14562 14882 14659 14686 14744 14086 14630 14030 14718 16803 15539 18049 17352 18603 18077 18455 17677 16140 15296 14954 14580 13176 14345 14473 14321 12138 8525 6679 6110 5367 4723 4048 3446 2465 1520 1012 824 927 969 922 979 1168 1421 1654 1985 2367 2926 3446 3983 4475 4887 5136 5256 11199 14997 14587 12516 10401 17828 20480 21582 24438 21364 20777 19401 18188 17543 18604 17943 16983 16103 17517 14680 13682 12701 11744 11404 10321 9342 8535 8148 7805 7433 7072
14726 14572 14685 14823 14273 14234 14184 14869 15086 15267 16524 18596 17857 19691 19128 18882 18020 16882 16018 15245 15911 14342 16198 15720 13819 12419 7245 6424 5765 4989 4419 3773 2959 2100 1232 1025 721 920 981 858 911 1017 1223 1553 1875 2142 2596 3149 3586 4101 4538 4734 4922 7711 9028 9513 10216 10934 11802 19242 22479 26095 22051 21145 20083 18814 18691 18960 18019 17708 17035 17417 16053 13797 13723 13093 11987 10814 9906 9057 8382 7736 7637 7242
14149 14315 13671 13604 13609 14559 14010 14614 15522 14483 17252 15919 21112 19572 19037 18462 17438 17066 16143 12670 18492 17394 17490 15010 9440 7323 6943 6059 5386 4771 4187 3517 2727 1824 1344 1088 777 929 954 857 820 971 1141 1394 1685 1955 2337 2826 3311 3830 4246 4491 5185 8218 9261 9823 10380 11255 12142 12907 22598 25490 22740 21851 19851 18335 18369 19573 17395 17207 16583 18327 16282 14868 14333 13352 12437 11523 10360 9504 8881 8372 7813 7437
15842 13081 13454 13581 14328 13929 14616 14596 15209 14432 14743 21794 18660 18108 9972 8813 8600 7933 6753 2067 8851 7208 8352 8325 7903 7226 6543 5829 5081 4605 4066 3388 2505 1581 1400 1126 795 904 923 832 842 923 1111 1322 1617 1803 2072 2550 3071 3464 4027 4640 6720 8481 9549 10012 10674 11622 12453 13187 22552 26463 23293 20736 19786 19049 18221 19191 17354 15856 16797 18388 17016 15700 14622 14094 13163 12121 11019 10086 9422 8829 8124 7332
14810 13249 13956 13942 13976 13612 14731 15410 10840 11624 15590 7890 7374 7380 3626 3613 3341 2820 2732 2355 3544 2767 3182 3083 7186 6903 6261 5445 4858 4376 3831 2961 1925 1471 1338 1143 845 872 870 776 741 979 1049 1373 1435 1563 1753 2194 2728 3327 4081 5148 7698 9160 9974 10591 11005 11964 12746 13420 20430 27019 23324 21295 20115 19481 18658 18557 16439 16561 17373 18328 17657 16470 15519 14737 13884 12987 11878 10855 10013 9247 7900 6017
16983 14760 13381 14067 16116 14561 12191 4998 2148 3479 3357 3439 3737 3712 3533 3006 2857 2718 2679 2602 2892 2675 2911 2751 2591 5791 5791 5066 4604 4100 3283 2399 1569 1453 1195 983 992 861 861 750 894 939 1181 1371 1545 1689 1995 2379 2981 3741 4918 6593 8707 9608 10423 11032 11744 12344 13073 13401 16095 24778 24529 21424 20713 19872 19359 18896 18018 16930 17512 18614 17527 17319 16841 15745 14752 13691 12765 11822 10852 9711 8516 7239
16457 14399 15012 14259 12248 13311 5332 2507 2689 2899 3027 3501 3530 3395 3105 2850 2730 2613 2564 2495 2582 2740 2953 3247 2633 2939 5331 4867 4362 3575 2732 1783 1544 1360 1179 1030 891 842 816 862 957 1102 1358 1539 1681 1863 2189 2674 3600 4606 5956 8180 9651 10618 11203 11561 12239 12559 13052 13749 14269 24723 26113 22804 21161 20604 20499 20040 19081 18282 16544 17124 17507 17681 17423 16742 15804 14826 13788 13003 12170 10934 9766 8914
6347 4909 5828 6955 2864 3449 2690 2700 2682 3023 3412 3379 3348 3087 2795 2667 2596 2519 2431 2334 2251 2492 2618 3068 3137 2853 4991 4561 3894 3080 2085 1650 1516 1334 1066 927 859 813 728 861 1108 1323 1518 1682 1825 1982 2379 3032 4058 5205 6951 8726 8803 7164 7363 10032 11558 12448 13321 13640 14717 24937 27495 23754 21886 21954 21147 20948 19749 18327 18036 17799 18685 19124 18839 17491 16665 15876 15155 14439 13646 12868 11854 11122
2497 2289 2325 3028 2741 2998 3228 2764 2757 3161 3239 3178 3015 2790 2618 2534 2411 2349 2257 2182 2049 2455 2364 2673 3095 3020 4356 4061 3414 2484 1750 1609 1466 1294 1053 1011 867 785 895 1104 1360 1511 1659 1815 1933 2124 2620 3544 4452 5573 6922 5611 5982 6097 6364 6724 7593 10331 12830 13301 14966 25082 25191 24294 23126 22495 22192 21549 19967 18808 18000 18158 17921 20041 20714 18774 17949 17369 16465 15624 14961 14207 13462 12785
2639 2631 2502 2893 2901 2945 3193 2926 2885 3043 3034 2861 2694 2550 2468 2362 2265 2177 2090 2018 1863 2262 2298 2443 2899 3047 2556 3468 2816 1957 1782 1599 1440 1302 1153 1041 822 860 1117 1338 1543 1692 1838 1892 2065 2281 3077 3999 4942 5976 5841 5388 5584 5857 6198 6664 7006 7737 10683 12482 13983 23559 28513 24266 23131 23098 22791 21067 20307 19310 17970 17740 17132 19303 21571 21197 20428 19092 17853 16920 16029 15484 14800 14201
2754 2517 2784 2668 2680 2830 2861 2802 2889 2837 2736 2615 2482 2400 2310 2213 2121 2038 1983 1915 1924 2155 2036 2385 2792 2905 2758 2574 2126 1904 1752 1603 1397 1169 1035 1099 1008 1080 1270 1524 1680 1836 2004 2036 2180 2504 3405 4209 4994 4618 4857 5017 5268 5556 5948 6363 6821 7264 7568 8124 10820 15373 25051 28482 24133 23279 22133 21550 20781 19761 18805 18227 17097 17983 21838 21990 21750 20894 19717 18575 17478 16786 16010 15436
2647 2653 2720 2575 2558 2579 2613 2724 2694 2601 2545 2438 2351 2262 2169 2093 2003 1935 1876 1829 2127 2169 2162 2396 2600 2701 2693 1983 1911 1799 1653 1481 1287 1009 1098 1202 1167 1391 1444 1607 1760 1872 2152 2400 2689 2866 3136 3196 3656 4200 4499 4596 4880 5243 5717 6093 6545 6962 7331 7743 8054 8271 15102 26703 22612 22250 22236 22060 21092 20377 18997 18779 17595 18491 22203 22796 22688 22246 21346 20390 19510 18581 17646 16818
2553 2586 2479 2494 2548 2467 2578 2541 2528 2485 2391 2297 2222 2127 2050 1966 1881 1840 1824 1802 2104 2122 2219 2275 2353 2524 2501 2011 1775 1676 1519 1318 1125 1003 1222 1195 1399 1470 1586 1698 1784 2029 2170 2442 2617 2470 2558 2886 3300 3598 3952 4133 4569 4949 5397 5843 6275 6688 7119 7454 7830 8144 10619 23784 24872 21055 22846 22826 22442 21905 20560 19526 18114 18567 21764 22286 23508 23260 22635 22008 21324 20428 19561 18615
