gridcompare/set1_walkaround_results.asc
ncols         391
nrows         472
xllcorner     271845
yllcorner     3875415
cellsize      30
NODATA_value  -9999
[rows 0 to 36 of 472, columns 84 to 167 of 391]
-9999 -9999 -9999 -9999 -9999 -9999 -9999 -9999 -9999 -9999 -9999 -9999 -9999 -9999 -9999 -9999 -9999 -9999 -9999 -9999 -9999 -9999 -9999 -9999 -9999 -9999 -9999 -9999 -9999 -9999 -9999 -9999 -9999 -9999 -9999 -9999 -9999 -9999 -9999 -9999 -9999 -9999 -9999 -9999 -9999 -9999 -9999 -9999 -9999 -9999 -9999 -9999 -9999 -9999 -9999 -9999 -9999 -9999 -9999 -9999 -9999 -9999 -9999 -9999 -9999 -9999 -9999 -9999 -9999 -9999 -9999 -9999 -9999 -9999 -9999 -9999 -9999 -9999 -9999 -9999 -9999 -9999 -9999 -9999
-9999 -9999 -9999 -9999 -9999 -9999 -9999 -9999 -9999 -9999 -9999 -9999 -9999 -9999 -9999 -9999 -9999 -9999 -9999 -9999 -9999 -9999 -9999 -9999 -9999 -9999 -9999 -9999 -9999 -9999 -9999 -9999 -9999 -9999 -9999 -9999 -9999 -9999 -9999 -9999 -9999 -9999 -9999 -9999 -9999 -9999 -9999 -9999 -9999 -9999 -9999 -9999 -9999 -9999 -9999 -9999 -9999 -9999 -9999 -9999 -9999 -9999 -9999 -9999 -9999 -9999 -9999 -9999 -9999 -9999 -9999 -9999 -9999 -9999 -9999 -9999 -9999 -9999 -9999 -9999 -9999 -9999 -9999 -9999
4911 5892 6192 6333 6347 6066 6204 6093 6580 7027 6719 7432 8649 9879 10622 10643 10576 10125 8248 6843 -9999 -9999 -9999 -9999 -9999 -9999 -9999 -9999 -9999 -9999 -9999 -9999 -9999 -9999 -9999 -9999 -9999 -9999 -9999 -9999 -9999 -9999 -9999 -9999 -9999 -9999 -9999 -9999 -9999 -9999 -9999 -9999 -9999 -9999 -9999 -9999 -9999 -9999 -9999 -9999 -9999 -9999 -9999 -9999 -9999 -9999 -9999 -9999 -9999 -9999 -9999 -9999 -9999 -9999 -9999 -9999 -9999 -9999 -9999 -9999 -9999 -9999 -9999 -9999
4824 5444 5647 5720 5331 5427 5473 5783 6270 6417 6702 7557 8831 9659 10056 10194 10124 9866 7993 6621 6925 7130 6939 7669 8904 9712 9908 8672 7563 6053 6257 6803 7105 7647 8192 8632 9072 9296 9199 9003 8663 8400 8522 8605 8811 9056 9317 9849 10778 11748 12493 13102 13570 14078 13726 14065 14563 15681 16131 17292 19630 -9999 -9999 -9999 -9999 -9999 -9999 -9999 -9999 -9999 -9999 -9999 -9999 -9999 -9999 -9999 -9999 -9999 -9999 -9999 -9999 -9999 -9999 -9999
4245 4813 5077 4931 4348 4729 5146 5569 5941 6430 7424 8776 9554 9695 9620 9601 9898 9564 8668 5676 6393 6935 7488 8380 9257 9715 9744 8557 7191 6450 6013 6447 6921 7425 7834 8058 8332 8453 8558 8404 8011 7975 7857 8032 8286 8670 8949 9382 10141 11157 11918 12632 13333 13978 12998 13287 13702 15659 16929 17443 18126 16251 15888 16605 19216 20742 24617 23233 17076 13389 12228 11590 11090 10481 9779 9108 8427 7813 7312 6816 6423 5780 5002 4441
3828 4071 4276 4225 3948 4559 5066 5679 6675 7576 8219 9193 9567 9171 9066 9125 9429 9125 8511 6249 6657 7412 7820 8565 9136 9449 9171 8243 7151 6571 6165 6338 6756 7047 7363 7461 7619 7732 7724 7744 7473 7449 7343 7567 7933 8373 8707 9119 9628 10547 11359 12150 13198 14067 13127 13402 15215 16363 17032 17285 16821 14423 14042 14693 16702 19174 22978 21904 16173 12418 11522 10971 10370 9731 9047 8438 7921 7475 7080 6812 6419 5721 5136 4325
3635 3908 3980 3989 3693 4534 5702 6924 7444 7923 8339 8946 9260 8750 8692 8730 8939 8922 8360 7467 6610 7345 7736 8258 8855 8990 8729 7748 6935 6452 5957 6319 6511 6841 6847 6780 6849 7084 7082 7049 6912 6894 6993 7306 7671 8092 8522 8870 9179 9611 10675 11736 12977 14034 14926 15457 15834 16398 16882 16929 15775 13177 12277 12597 13395 16405 21126 19474 12640 11442 10970 10416 9765 9140 8635 8070 7564 7093 6833 6668 6388 5851 5088 4242
3518 3707 3768 4054 4268 5211 5998 6851 7316 7649 8028 8644 8689 8409 8063 8269 8626 8709 8383 7812 7248 7317 7532 7934 8286 8561 7885 7218 6592 5922 5873 6041 6472 6591 6369 6209 6280 6395 6457 6377 6385 6464 6730 7034 7306 7739 8139 8372 8590 8920 9929 11289 12572 13876 14820 15374 15902 16207 16591 16400 14792 12816 11418 11311 11324 11378 17568 16313 11478 10810 10483 10025 9375 8869 8318 7944 7288 7014 6814 6593 6179 5687 5000 3964
3367 3643 3755 4024 4227 5088 5698 6293 6748 7213 7460 8068 8047 7933 7714 7864 8017 8282 8178 7680 7214 7039 7142 7573 7678 7872 7476 6593 6333 5801 5855 6179 6347 6171 5729 5490 5443 5234 5187 5197 5202 5474 5895 6361 6700 7172 7576 7831 8086 8460 9172 10707 12118 13574 14477 15165 15528 15740 15818 15524 13192 11520 10356 10241 10616 10635 12911 17470 13135 10543 10136 9829 9357 8756 8362 7746 7332 6989 6811 6533 6185 5720 4693 3594
3165 3526 3756 4108 4298 4467 5203 5858 6315 6681 7139 7514 7535 7388 7307 7265 7581 7756 7770 7438 6878 6815 6958 6964 6948 7075 6824 6637 6060 5796 5909 5998 6001 5743 5063 4656 4283 4045 4117 4000 3922 4032 4447 4953 5532 6189 6721 7201 7464 7818 8548 9978 11412 12958 13907 14606 14888 14912 14614 14041 11850 9868 9188 9327 9828 10081 9559 10410 15310 10373 10201 9755 9418 8776 8488 8096 7867 7531 7130 6686 6218 5758 5306 4867
2989 3253 3627 4115 4055 4452 4771 5580 6001 6450 6557 6971 7004 7027 6856 6810 7132 7250 7222 7056 6739 6659 6573 6510 6444 6564 6436 6278 5666 5405 5580 5461 5362 5038 4424 3742 3116 2867 2899 2978 2851 2848 2930 3561 4062 4702 5449 6165 6529 6947 7414 8472 10450 11883 12879 13506 13869 13736 13131 11699 9967 8478 8452 8388 8740 8832 8430 7239 9378 10174 9511 9585 9511 9168 9122 8877 8456 8011 7432 6880 6475 6091 5778 5444
2821 2992 3380 3760 3995 4408 5078 5677 5858 6063 6378 6433 6535 6591 6596 6595 6695 6787 6697 6478 6442 6204 6567 6430 6102 6139 5965 5653 5504 5353 5070 5032 4655 4110 3228 1872 1893 2046 2205 2301 1825 1759 1976 2344 2986 3619 4273 4610 4932 5440 6090 6957 8595 10477 11809 12403 12565 11914 11200 10055 8338 7477 7100 6891 6933 7152 6686 6384 5605 7176 8299 9991 9633 9803 9686 9259 8859 8254 7646 6962 6568 6111 5835 5597
2561 2757 3086 3483 4050 4527 5167 5489 5784 5852 5861 5907 6257 6334 6090 6205 6410 6152 6110 6012 6029 6295 6723 6641 5975 5358 5354 5153 4982 4929 4734 4404 3694 2117 1495 1586 1787 2001 2058 1893 1582 1558 1566 2008 2306 2962 3252 3473 3483 3868 4399 5238 6887 8748 10014 10863 11107 10818 9826 8608 6321 4385 4096 4133 4597 4722 5131 5137 4970 6539 6206 10146 10004 9848 10041 9609 8948 8381 7569 7026 6539 6122 5773 5539
2147 1826 2883 3336 3818 4297 4944 5165 5580 5680 5734 5831 6208 6188 6206 6330 6116 5963 5798 5617 5647 6135 6427 6384 5810 4818 4595 4477 4659 4420 4342 4080 2090 1480 1415 1355 1718 1984 2012 1706 1717 1486 1536 1731 2153 2347 2485 2212 2289 2667 3131 3887 4890 7229 9234 10151 10504 9750 8834 6563 2499 1310 1233 2170 2373 2950 3621 4334 3495 2079 5678 8737 9982 10355 10305 9824 9164 8399 7676 7115 6613 6227 5793 5471
1992 1953 2735 3113 3795 4243 4660 4914 5602 5671 5536 5737 6118 6135 6359 6420 5900 5649 5488 5421 5586 5790 6009 5930 4978 4556 4437 4343 4507 4645 4555 4207 2172 1592 1509 1480 1468 1668 1923 1928 1746 1544 1475 1567 2060 2262 2281 2008 2173 2175 2376 2853 3815 5819 8212 9384 8787 8833 8581 3979 1709 1069 1180 1604 2276 2177 3144 3797 3149 1462 5033 6959 10707 11298 10945 10180 9489 8597 7827 7307 6793 6317 5765 5482
1800 2543 2887 3246 3754 4012 4258 5083 5412 5495 5607 5594 5983 6024 6083 6117 5705 5621 5427 5146 5331 5411 5362 5230 5075 4518 4349 4350 4392 4397 4676 4490 3317 1782 1676 1619 1616 1644 2062 2136 1853 1289 1380 1564 2018 2144 2112 1961 2151 2191 2254 2401 2935 4858 6194 7705 8547 8959 8733 5881 1759 532 1060 1280 1837 2369 2999 3456 3094 951 5905 6966 11802 11715 11339 10681 9876 8955 8038 7398 6903 6379 5868 5492
2241 2978 3205 2833 3366 3761 4235 4773 4889 5306 5354 5581 5784 5892 5756 5828 5661 5517 5240 5129 4906 4989 4734 4806 4779 4447 4370 4313 4182 4487 4768 4932 3903 2289 1814 1733 1751 1759 2542 3243 2022 1320 1278 1414 1712 1828 1757 1870 1939 2089 2135 2290 2541 4153 6204 7845 8627 9043 9048 7032 1807 1083 1312 1288 1683 2262 3253 4231 2815 1490 6027 10832 12292 12085 11622 10874 10134 8963 8005 7409 6852 6244 5716 5336
2633 3220 3035 2902 2926 3415 4010 4382 4821 5189 5153 5429 5655 5541 5430 5686 5440 5236 5195 5030 4792 4413 4362 4469 4511 4374 4250 4099 4210 4493 4931 5045 4316 3416 2144 2150 2130 2119 2847 3691 2301 1608 1305 1585 1753 1752 1204 1462 1653 1763 1986 2175 2377 4004 6221 7934 8724 9266 9338 7749 3001 1128 1093 1214 1533 2252 3225 3928 3048 1514 7054 12515 12513 12073 11534 10871 9942 8613 7774 7043 6453 5894 5406 5018
2986 3182 3059 2764 2776 3374 3698 4098 4350 4852 5200 5500 5370 5266 5576 5493 5311 4993 4936 4784 4295 3969 3968 3982 4250 4254 4048 4254 4471 4731 5108 5426 5406 5179 3697 3706 3693 2961 3002 3641 2688 1934 1609 1776 1886 1525 815 1055 1304 1435 1568 1859 2165 3962 6378 8122 8953 9391 9743 9562 5476 1672 1123 1244 1614 2730 3934 4105 3005 4805 10965 12755 12501 12005 11298 10670 9662 8317 7499 6717 6218 5697 5104 4465
2896 3110 2864 2638 2625 3017 3340 3978 4467 5219 5203 5501 5504 5714 5606 5472 4868 4656 4580 4147 3734 3275 3431 3856 4020 3857 4141 4388 4700 4927 5279 5819 5965 7116 6996 7076 5654 5277 5313 5430 5517 3606 2001 1955 1933 1582 821 1051 898 979 1257 1585 1904 3939 6741 8320 9085 9834 9929 10269 9792 5637 1540 1840 2938 4925 6332 6181 3239 7243 12066 12982 12517 11848 11189 10605 9571 8246 7411 6670 6104 5524 5131 4087
2800 2803 2588 2217 2378 2659 3032 3627 4392 4816 5142 5486 5479 5434 5138 4928 4176 4084 3823 3516 2962 2844 3182 3631 3961 4438 4627 4893 5552 5992 7147 7949 8785 9179 9260 9131 9527 9543 9136 7642 6933 6816 5683 4458 2356 1743 1329 1177 642 590 834 1432 1806 4510 7130 8815 13162 15148 16595 17647 17255 15611 10405 8836 9145 10019 10701 10997 8432 7189 13716 13239 12577 11916 11227 10711 9892 8567 7457 6646 6059 5569 5118 4122
2612 2590 2046 2073 1939 2252 2663 3087 3792 4285 4961 4999 4824 4492 4199 3303 3469 3463 3458 3280 3073 2766 2976 3364 3925 4425 5159 5618 6078 6824 7469 8183 8413 8683 8676 8785 9439 9412 9957 10445 11030 10893 7254 7021 5891 2812 1358 1342 776 482 778 1253 2129 5441 7828 13952 15784 16536 17195 17583 18600 18138 17971 17622 18027 17832 18413 18598 18510 25628 15052 13581 12671 11975 11514 10920 10463 9101 7666 6629 6046 5340 4143 3250
2690 2512 2064 1987 1755 1826 2410 2871 3462 4247 4673 4869 4411 3987 2919 2565 2293 2835 2987 2911 2766 2558 2801 2958 3548 4116 4919 5597 5891 6607 7306 7458 7321 7484 7582 7865 8387 8975 9737 10308 10748 11033 11555 9979 7743 6667 2808 1395 858 525 659 1167 3296 8561 13044 14676 15477 16255 17508 18792 19277 19257 19470 18802 18641 19241 19824 20378 24633 29145 26792 14474 12554 11930 11664 11180 10854 9756 7971 6856 6123 4611 3415 2828
2795 2544 2074 1890 1716 1738 2163 2619 3029 4161 4479 4749 4591 3687 2645 1951 2149 2633 2636 2356 2382 2217 2133 2661 3324 3760 4471 5129 5407 5795 6202 6212 6204 6362 6542 6856 7431 7960 8788 9249 9970 10847 11394 11655 10202 8047 7597 3001 915 549 533 1479 6638 12575 14788 15093 15733 16830 17649 18088 18536 19022 19414 19670 18920 19326 20565 22165 23639 23964 28314 22622 12318 11834 11971 11612 11342 10371 8251 7021 5865 4470 2955 2373
3055 2604 2439 2144 1872 1551 1920 2357 2839 3723 4263 4678 4707 3292 1967 2199 2424 2255 2473 2056 2189 2049 2061 2527 2859 3441 3779 4090 4354 4750 4937 5168 5283 5361 5738 6022 6424 6834 7436 8150 9015 10056 10794 11573 12237 12199 10819 7925 3856 2227 1695 6228 11132 12726 13695 14427 15347 16197 16887 17528 17955 18389 18905 19402 19588 20426 20878 21537 21777 21385 21056 26741 15289 12382 12386 12370 11973 10938 8920 6997 5748 3773 2865 1993
3095 2721 2378 2406 1980 1610 1345 2053 2653 3347 3944 4692 5150 4085 3170 2608 2555 2598 2169 1997 1821 1899 1958 2097 2557 2887 2944 3201 3328 3690 3884 4114 4277 4345 4841 5182 5486 5957 6358 6712 7629 9137 10265 11284 12583 13351 14576 15678 13557 11749 11891 11522 11907 11655 11860 12773 13710 14821 15717 16452 17027 17652 18133 18649 19125 19631 20137 20738 20748 20919 20246 18876 23484 16901 13238 13220 12567 11568 9771 7272 5114 3078 2547 482
3051 2563 2300 2307 1930 1572 1438 2283 2642 2930 3733 4354 5050 5631 5829 3985 3149 2435 1811 1601 1601 1634 1582 1938 2202 2325 2504 2455 2497 2899 3055 3171 3297 3547 3806 4391 4867 5093 5586 5964 6596 7601 9425 10807 12357 13129 15674 15147 14320 13663 13521 12316 11303 10994 11143 11503 12362 13465 14509 15349 16035 16622 17309 17912 18467 18989 19491 19747 19959 20052 19854 19996 21295 26674 15336 13643 12893 12001 10583 7633 5144 3284 535 524
3162 2652 2281 1945 1984 1315 1687 2552 2847 3140 3700 4186 4581 5529 5805 4275 2501 1889 1709 1550 1444 1480 1802 1823 2152 2078 2160 2193 2100 2260 2346 2457 2602 2857 3251 3949 4375 4506 4942 5305 5692 7040 9102 10972 12246 13273 15081 14304 13884 13824 13968 12876 11186 10048 10633 10714 11316 12409 13319 14207 15037 15686 16418 16999 17654 18110 18451 18618 18689 18801 18958 19997 21319 26543 27539 19164 16076 12872 11005 8159 4782 3090 671 536
4992 4458 3224 2703 2041 2077 2125 2716 3056 3353 3706 4069 4384 5112 5697 3968 2197 1815 1665 1509 1494 1539 1703 1860 2027 1883 1805 1845 1877 2082 2029 1991 2090 2361 2970 3487 3947 4471 4887 5257 5683 7072 10397 11522 12404 14694 14746 13573 13607 13468 13617 12729 11284 10474 10034 10022 10340 11363 12302 13321 14164 14724 15351 15963 16411 16897 17334 17413 17836 18161 18328 19111 19936 24064 28575 22477 18212 14996 11127 8584 4764 2997 541 589
6269 5125 4493 3828 2965 2653 2259 2959 2937 2999 3663 3661 4260 4752 5365 3280 2158 1788 1658 1549 1553 1591 1577 1802 1817 1651 1643 1780 1815 1945 1956 2148 2216 2407 2836 3398 4127 4571 5069 5424 5810 8624 10738 11692 13540 13904 14123 13158 13479 13150 13249 12159 10677 9536 9441 9508 9838 10505 11496 12432 13240 13921 14485 14918 15297 15724 15916 16089 16558 17191 17802 18749 20888 23883 27798 25840 18077 15709 11155 10013 5503 3389 615 4790
6582 5382 4541 3744 3253 2644 2239 2590 2854 3083 3192 3589 3981 4500 4468 2852 2222 1760 1515 1420 1462 1441 1646 1712 1804 1400 1593 1786 1951 1917 2063 2229 2322 2452 2926 3493 4234 4757 5219 5696 8358 10139 11618 12555 12982 13254 13326 12987 13310 13252 12399 11595 9794 9132 8899 8890 9339 10013 10689 11614 12539 13094 13613 14026 14389 14833 15208 15268 15987 16716 17410 18345 20855 23010 27195 26272 19463 16352 14816 13271 8850 5983 5836 11126
6590 5723 4610 4186 2975 2603 2600 2974 3075 2251 2404 2793 3388 4151 4234 2497 2277 1834 1478 1216 1325 1490 1468 1621 1573 1330 1609 1799 1934 2225 2298 2359 2547 2873 3351 3751 4385 4900 5323 5725 8756 10887 11064 11403 12037 12325 12626 12874 13283 13187 12194 11316 9807 9114 8440 8118 8474 9285 10185 10933 11707 12175 12580 13081 13526 14063 14306 14976 15724 16354 17449 18545 20331 21839 24818 25844 22296 18116 15058 13518 13438 13901 15482 13893
5977 5813 5009 4247 3874 3225 3197 3396 3489 3461 3437 3089 3608 4284 4824 2705 2575 2189 1685 1351 1337 1453 1494 1616 1681 1725 1918 1809 1842 2141 2564 2673 2853 3326 3756 4183 4644 5234 6390 9638 10902 9850 10095 10541 10925 11494 12074 12442 12937 13197 11552 11018 9851 8592 7910 7574 7921 8613 9692 10531 10869 11119 11455 12022 12701 13229 13679 14407 14806 15755 16886 18035 19145 20477 20697 24601 22979 18612 14932 13465 14806 14501 14486 13468
5782 5329 5074 4374 4357 3323 3530 3428 3499 3394 3524 3767 3772 4384 5237 3083 2869 2592 1977 1627 1537 1384 1312 1483 1586 1688 1859 1933 1689 1829 2208 2886 3666 4690 5576 6442 7417 8097 9778 10584 10025 9036 8932 9342 10029 10624 11307 11674 11682 10657 10093 9691 9042 8161 7288 7023 7631 8384 9115 9720 9953 9996 10468 11173 11667 12299 13065 13506 14221 15262 15808 17005 17723 18797 19851 23717 22643 19065 15206 13303 12880 12331 10951 10640
5413 5077 4787 4280 4107 3733 3365 2925 2927 3035 3308 3614 3734 4373 5223 4270 2952 2526 2105 1755 1521 1330 1159 1152 1233 1254 1081 1243 1339 1625 2152 2448 3616 4946 6134 7188 8086 8917 9278 9365 9053 7924 8025 8527 9231 9925 10027 10249 9376 8518 8178 8006 8083 7443 6798 6680 7142 7968 8464 8857 8773 9025 9519 10153 10835 11363 12081 12808 13730 14403 15291 16156 16744 17426 18499 23017 22042 17916 12440 10627 8326 7668 8067 8177
4860 4510 4320 3887 3712 3362 3095 2803 2713 2606 2817 3239 3792 4403 5140 5201 3429 2677 2221 1860 1580 1352 1226 1160 1012 1032 1049 906 954 1497 2092 2630 3448 3990 4827 5555 6193 7136 7719 8373 8315 7212 7380 7831 8501 8877 9050 8886 8270 7360 7039 6834 7259 6556 5984 6248 6664 7120 7410 7596 7805 8282 8725 9083 9564 10370 11457 12088 13183 13881 14809 15286 15712 16378 16912 17373 20700 17731 10641 7434 6804 6737 6752 6788
4237 4100 3748 3302 3261 3192 2937 2777 2564 2831 3049 3415 3938 4490 5220 6797 5006 2745 2299 1949 1739 1470 1266 1094 951 781 798 798 837 1382 1976 2414 2731 2742 3062 3827 4637 5625 6316 6976 6829 6854 6955 7097 7351 7962 8067 8190 7540 6541 6159 5764 6112 5453 5477 5499 5760 6140 6345 6392 6879 7316 7928 7974 8523 9168 10125 11344 12361 13273 13921 14466 15032 15550 15592 15827 19041 14541 7664 6898 6165 5948 5767 5707
