gridcompare/set1_walkaround_results.asc
ncols         391
nrows         472
xllcorner     271845
yllcorner     3875415
cellsize      30
NODATA_value  -9999
[rows 296 to 332 of 472, columns 84 to 167 of 391]
932 824 826 851 734 4343 20501 32001 32637 32383 31320 29501 27769 26395 24848 23290 21562 20491 21534 22097 22038 20995 20042 18870 17577 16262 15131 14127 12884 12040 11457 10617 10103 9552 9185 8987 8480 8077 7565 6738 6158 5142 4020 3074 2518 2413 2719 3111 3704 3918 4303 4718 5999 8222 7513 6577 6598 7500 9871 10655 9177 7446 5182 4271 4409 4394 4369 4385 4371 4420 4533 4637 4661 4553 4273 3631 3312 3278 3376 3624 3783 3784 3763 3706
1020 945 928 1077 7154 14983 26794 31979 33132 32749 31438 29811 28171 26652 25207 23734 22889 22851 22994 22928 22014 20900 19709 18368 17146 15825 14579 13515 12674 11822 11260 10506 9744 9314 8826 8781 8492 8058 7309 6380 5420 4777 3571 3016 2668 2726 3064 3522 4140 4406 5306 6745 9378 9441 8246 7093 6782 9475 11677 11443 8087 6370 4948 4022 3985 4012 3938 3970 3939 4029 4103 4191 4421 4423 4278 3719 3321 3026 3315 3415 3552 3343 3383 3334
1037 1073 2009 8571 15280 19258 29551 32607 33377 32924 31685 30020 28583 27072 25575 24565 24136 24152 23969 23317 21717 20323 18847 17560 16497 15264 13935 13129 12527 11731 11185 10447 9869 9426 8936 8763 8161 7460 6602 5714 4828 3959 3322 3106 2900 3050 3255 3264 4289 5288 5314 5984 9878 8817 5092 4443 5231 6560 9148 8757 7139 5736 3964 3829 3759 3744 3704 3632 3371 3504 3665 3912 3960 4143 4230 3597 3408 3259 3155 3257 3307 3082 3072 3123
1243 3795 9395 15522 20131 25293 31366 32968 33839 33489 32163 30516 29058 27403 26293 25521 24941 24287 23220 22059 20734 19243 17681 16407 15862 14246 14829 13924 12736 11807 11242 10703 10118 9683 9151 8689 7849 7081 5846 5043 3915 3582 3393 3517 3450 3306 3509 3327 4206 5261 5292 5047 4953 4061 3667 4169 4614 6038 5787 7359 6184 4424 3745 3638 3535 3500 3409 3216 3057 3054 3147 3501 3588 3889 3918 3635 3219 2991 3042 2917 2985 3108 2966 2704
1279 6649 11708 18912 21790 30697 32161 33835 34829 34003 32695 31406 29750 28182 26958 26083 25093 23744 22187 20519 18762 17646 16481 15111 13939 14560 16682 15353 13094 11971 11304 10718 10192 9774 9159 8748 7898 7039 5888 4482 3575 3322 3537 3778 3930 3859 3726 3740 4460 5584 4664 4222 3994 3667 3576 3828 4779 5597 4737 4399 4033 3774 3461 3342 3194 3162 3110 2888 2751 2723 2775 2824 3368 3587 3557 3301 3145 2960 2899 2876 2787 2777 3004 2592
1546 1716 10107 18790 21824 31515 33472 35599 36010 34992 33863 32403 30665 29150 28071 26863 25061 23593 21856 20062 18314 17069 16100 13689 2036 3770 17008 15686 13189 11664 11007 10385 9883 9409 8746 8311 7625 6786 5519 4110 3322 3311 3590 4003 4236 4108 4225 5113 6414 4873 3877 3685 3527 3296 3241 3447 4787 4723 4298 3890 3725 3452 3098 2979 2825 2775 2658 2602 2519 2523 2654 2897 3140 3168 3050 2880 2958 2863 2861 2652 2724 2859 2875 3022
1642 2165 2856 14709 21676 32116 36105 36777 36423 35583 34538 33004 31560 29936 28656 27237 25473 23470 21835 20243 18633 17299 15943 13187 3771 2239 16330 15317 12945 11454 10592 9944 9307 8753 8049 7496 6684 6157 4828 3737 3447 3324 3504 4170 4521 5293 6440 8622 8493 5072 3774 3518 3655 3352 3826 4274 4482 4280 3995 3639 3478 3274 3017 2792 2511 2456 2431 2458 2498 2551 2734 2775 2776 2719 2634 2607 2635 2609 2500 2507 2732 3040 3415 3632
1734 2451 3057 12748 28216 32747 33968 34900 34986 35093 34832 33201 31859 30388 28774 26363 24801 23161 21596 20218 19003 17676 16289 13346 3691 3497 16029 14969 12800 11222 10373 9651 9009 8425 7674 6947 6024 5102 4149 3694 3555 3538 2668 3007 3397 6108 9115 10811 9905 7490 4804 4066 4108 3841 4003 4067 3894 3707 3591 3330 3177 2959 2785 2607 2522 2485 2453 2522 2735 2794 2814 2728 2405 2397 2467 2572 2486 2498 2360 2463 2851 3525 4598 5120
1890 2691 3159 4456 27916 31440 31762 31376 32898 33526 33283 32069 30804 29378 27862 26102 24408 22700 21245 19969 18691 17484 16166 13654 7403 4912 15691 14742 12564 11147 10252 9579 8947 8313 7536 6662 5409 4552 3830 3641 3736 3657 3557 2945 2710 4104 10582 10703 10113 8422 6083 4815 4550 4035 4067 3333 3373 3150 3166 3236 3104 2771 2761 2601 2591 2476 2471 2352 2731 2873 2839 2620 2498 2407 2433 2438 2338 2337 2275 2522 2797 3317 5084 5520
2341 2954 3211 21467 26771 28526 30170 28478 28052 29282 31279 31076 30037 28733 27192 25518 23796 22189 20701 19169 18172 17096 15786 13598 5277 5146 15290 14294 12418 11017 10147 9470 8818 8180 7555 6560 5421 4225 3790 3819 3827 3779 3581 3043 2653 3495 9905 10353 9097 7723 6226 5035 4497 3961 3253 2949 2755 2747 2849 2836 2812 2652 2568 2452 2400 2275 2073 2248 2536 2833 2742 2651 2322 2333 2437 2676 2498 2266 2266 2607 2948 3427 4819 5696
2618 3201 4438 28254 29396 30017 28132 26212 25933 25351 26195 27304 27681 27186 26325 24752 23111 21612 20130 18763 17632 16715 15341 13486 5256 4964 14308 13882 12177 10820 10084 9439 8669 7939 7391 6491 5799 5003 4501 3960 4009 3882 3800 4020 4729 9542 10576 9602 8598 7464 6106 4907 4368 3543 2870 2657 2444 2612 2647 2617 2402 2308 2214 2189 2106 2106 2084 1866 2184 2718 2875 2922 2761 2568 2794 3378 3407 2995 2430 2618 3053 3421 3689 3959
2913 3138 11166 27808 29928 29929 28298 25506 22293 15216 14812 23000 24630 24880 24996 23967 22647 21324 19860 18606 17549 16549 15274 13219 7569 4638 12722 13248 11612 10636 9890 9311 8693 7702 7270 6887 6468 5769 5007 4629 5002 4651 6182 7739 9670 10642 10444 9904 9233 8050 5904 4558 3787 3392 2669 2491 2404 2595 2544 2368 2225 2097 2016 2034 2079 2148 2162 1966 2384 2815 3180 3061 2990 2881 3269 3442 3763 3354 2982 2817 3123 3407 3625 3852
3026 2419 25245 29590 30480 28595 26433 24227 20459 14552 14344 19836 21139 23517 22823 22892 22098 20813 19783 18619 17588 16589 15163 13083 9082 4336 11631 12436 11214 10325 9621 9002 8391 7633 7352 7411 7265 7022 6310 6736 7193 7277 8125 9859 10825 10835 10387 10236 9715 8718 6360 4639 3707 2913 2517 2265 2264 2648 2500 2356 2211 2057 1994 2016 2037 2167 2288 2293 2544 3088 3125 3197 3267 3394 3626 4057 4204 3960 3221 2995 3225 3375 3589 3906
3041 19867 29659 30886 29513 27450 25321 22988 21798 14048 13903 19068 20264 22025 21977 21330 20953 19992 19167 18180 17355 16307 14867 13181 11872 11145 11439 11597 10733 9821 9271 8758 8165 7768 7521 7260 7633 7602 7751 7984 7943 8430 8955 10986 11610 11312 10714 10292 9931 8723 6388 4485 3664 2855 2395 2097 2655 3096 2940 2363 2336 2147 2091 2004 2119 2313 2299 2740 2946 3102 3254 3293 3446 3659 4041 4534 4778 4302 3804 3159 3301 3456 3680 4077
4376 26041 29948 30637 29007 27067 24262 22141 20811 18477 13648 18321 19406 20357 20947 20103 19263 18190 18207 17574 16567 15719 14574 13506 12744 11910 11994 11398 10612 9736 9271 8742 8213 7953 7554 7509 8040 8378 8689 9052 9156 9492 10563 11820 12027 11494 11188 10930 9864 7522 5751 4453 3652 2981 2570 2651 3335 3300 3204 2772 2608 2504 2345 2349 2367 2410 2575 3162 3253 3410 3519 3530 3736 4089 4468 4897 5126 4766 4139 3466 3396 3618 3829 4155
20839 29556 30276 30043 28185 26363 24543 23083 21488 19574 17993 19167 18770 19552 19719 18985 18162 17091 16451 15951 15455 15171 14290 13877 13318 12724 12135 11402 10691 9870 9446 9064 8409 7998 7237 6346 7734 8646 9632 10097 10650 10980 12512 12317 11859 11013 10881 9384 8676 7124 5641 4472 3710 3203 3178 3809 4159 3827 3592 3393 3096 2971 2847 2817 2740 2940 3194 3345 3477 3521 3648 3845 3920 4308 4692 5149 5465 5270 4339 3863 3726 3840 4156 4278
25773 30159 30174 29299 27472 25723 23937 22452 21405 20158 18989 18559 18129 18816 18804 18145 17281 16349 15552 15336 15321 14548 14200 13763 13341 12706 11963 11233 10595 10054 9588 8786 8299 7514 6116 6499 6958 8875 10341 11167 12490 13325 12812 12087 10166 9357 9052 8445 7934 7085 6204 4945 4316 3997 4431 4653 5147 4829 4311 3875 3953 3724 3692 3427 3344 3267 3469 3605 3611 3933 3954 4088 4164 4567 4973 5487 5786 5663 4773 3883 3845 3930 4010 4388
25483 30231 29908 28954 27117 25573 24048 22545 20986 18800 18354 16481 12999 15521 16508 16044 16174 15452 15498 15297 15188 14403 13758 13631 13195 12659 12123 11286 10629 9953 9397 8758 7518 6043 5560 5929 7403 7977 11369 13664 13984 13810 12678 10597 9396 8191 7828 7772 7802 7612 7006 6139 5280 4966 5127 5462 5873 5842 5261 4762 4647 4440 4462 4239 4132 3878 3798 3766 3899 3970 4149 4272 4397 4885 4794 5608 5797 5507 4661 3930 3831 3670 3935 4242
26891 30036 29771 28558 27039 25407 23795 22120 20191 18135 16187 15380 6544 12417 12151 11865 13341 13192 14283 13926 14374 14052 13388 13229 12717 12436 11845 11181 10370 9586 9183 8235 6792 5435 5560 2826 5560 3552 6835 13849 13948 12060 10554 9745 8367 7336 7365 7633 8220 8282 7845 7115 6422 5908 6267 6549 7046 6946 6671 5852 5699 5339 5161 4724 4202 3898 3887 3895 3895 4021 4402 4675 4949 5207 5523 5675 5668 5165 4345 4006 3862 3563 3772 4009
28459 30348 29972 28781 27131 25568 23868 22292 20304 18540 17285 15447 12095 11790 11572 11191 5022 4977 4929 4958 10362 11701 11396 11926 11129 11381 11132 10637 9864 9205 8358 6826 6306 5321 5056 3213 2775 2483 2456 3541 11118 10622 9735 8721 7708 7145 7235 7210 8514 8599 8626 8172 7446 7244 7046 7817 8216 8043 7690 7158 6526 6177 5748 4724 4193 4254 4116 3900 4080 4404 4827 5369 5701 5937 5788 5607 5481 5013 4476 4111 4086 3944 3821 3896
30042 31020 30517 29187 27706 25977 24190 22693 21084 19715 18336 17030 15829 14972 14194 12930 11603 9408 9343 4636 9792 9551 9289 9014 8821 9881 10306 9969 9279 8015 6866 6027 5513 4606 3004 2618 2308 2152 2625 3238 3132 8945 8798 8124 7178 6934 6932 7309 8679 9268 9406 8755 8421 8485 8430 8763 8744 8917 8542 8237 7140 6608 5146 4223 4114 4185 4074 4267 4693 5273 6120 6679 7040 6902 6741 6499 6180 5934 5243 4928 4719 4753 4538 4554
31384 31923 31094 29795 28169 26486 24982 23455 22068 20656 19376 18124 17067 16102 15255 14429 13450 12538 11760 11455 11176 10827 10819 10117 10136 10577 10176 9662 8659 6826 5925 4266 4204 2667 2691 2471 2275 2707 2828 2719 2467 5472 7973 7562 7023 7022 7258 8083 8706 9788 10053 9637 9712 9748 9793 9829 9738 9620 9309 8588 6906 5599 4635 4114 3759 4171 4194 4465 5342 6537 7487 8120 8395 8243 7888 7859 7853 7669 7428 7305 6731 6277 6362 6290
32127 32544 31342 30059 28623 27021 25525 24104 22766 21440 20335 19338 18240 17327 16339 15532 14686 13726 13123 12302 11942 11489 11056 10993 10798 10632 10484 9632 7864 6504 5044 4212 2839 2189 2418 2695 4568 4153 4017 4043 7535 7450 7483 7368 7231 7232 7871 8330 9406 10052 10794 10724 11025 11038 11118 10708 10716 10234 9933 8521 6929 5568 4849 4080 3857 4181 4560 4903 5989 7231 8503 9240 9702 9620 9225 9349 9343 9459 9520 9474 9404 9292 9366 9528
32973 33285 31405 30163 28854 27368 25974 24568 23509 22288 21331 20316 19387 18144 17123 16199 15283 14422 13737 13033 12374 11904 11604 11370 10966 10840 10390 9451 7964 6487 5081 3871 3050 3177 4098 6653 7425 9200 9456 8899 8549 8351 7890 7679 7856 8129 8028 8870 9982 11106 11766 12223 12246 12543 12300 12083 11716 10990 9954 8480 7297 5994 5001 4434 3954 4575 4867 5121 4184 6835 9323 10215 10660 10731 10596 10648 10769 10881 11115 11163 11236 11324 11343 11459
29232 32400 32118 30176 28948 27593 26330 25091 24101 23223 22195 21284 20199 18892 17647 16617 15501 14726 14017 13335 12748 12325 12077 11749 11334 10843 10126 9462 8405 6639 5432 4512 4804 6643 9199 10697 10634 11356 11340 10655 9605 9004 8610 8124 8198 7930 7338 8230 9527 11476 12667 13253 13660 13729 13520 13189 12510 11564 10348 9167 7744 6397 5547 4717 4825 4686 4643 3881 3776 4273 8079 10768 11519 11891 11745 11994 12075 12258 12582 12688 12541 12548 12444 12697
17327 33542 33380 31562 28993 27809 26672 25567 24796 24045 23253 22098 20888 19398 18064 16881 15840 14983 14182 13585 13130 12800 12382 11982 11319 10601 9832 9568 9397 8242 7563 7022 7274 9879 10738 11654 12755 12796 12777 12065 11315 9997 9192 8563 8249 7287 5832 2935 4037 10094 12803 13904 14455 14996 14760 13947 12872 11709 10207 9108 7702 6550 5852 5262 5191 4999 4975 3917 3978 4279 5444 10875 12256 12945 13101 13319 13447 13736 13988 13836 13491 13465 13389 13534
13781 28709 31899 31639 30029 27971 26957 26176 25333 24838 23845 22743 21293 19776 18389 17140 15977 15065 14325 13793 13300 12890 12438 11842 11145 10437 10027 9923 9701 9383 9080 8691 9157 10450 11709 12443 13554 13475 13746 13258 12182 11055 9874 9000 8433 6800 3803 2892 3475 4061 8178 13892 15013 16108 15761 14023 12370 11497 10250 9035 7934 6866 5880 5381 5264 5179 4006 3630 4047 4486 5016 9459 12894 13967 14511 14631 14861 15166 15197 14848 14345 14271 14079 14247
13288 14479 28020 30153 29554 28295 27217 26455 25919 25299 24465 23104 21654 20209 18792 17453 16377 15308 14429 13679 13173 12821 12325 11823 10995 10342 10179 10317 10025 9824 9771 9464 10018 10980 12020 12833 13736 14241 14448 13955 13051 11633 10499 9611 9107 7994 6368 3591 3523 4084 4468 8294 15378 17046 15099 13584 12688 11373 10233 9160 8131 7158 6262 5740 5438 5229 4114 4236 4229 4662 5148 5668 10387 14363 15455 15944 15969 16194 16107 15419 15103 14995 14880 14928
9490 13150 15951 26855 27876 27682 27017 26346 26088 25536 24711 23372 21949 20414 18952 17759 16612 15508 14559 13832 13255 12837 12277 11620 10880 10464 10068 10430 10513 10519 10590 10927 11406 12082 12716 13147 14161 14746 14657 14207 13198 11891 11004 10566 10001 9337 7974 4595 3950 4097 4556 4978 14592 15824 15140 14159 12607 11558 10458 9419 8337 7448 6570 6095 5832 5013 4423 4360 4291 4707 5179 5810 6320 11043 15277 16320 16663 16630 16508 16013 15845 15371 15367 15445
5866 11326 11897 20836 23643 24746 25746 25823 25812 25407 24757 23555 21992 20533 19199 17923 16869 15875 14966 14125 13481 12908 12236 11598 11105 10861 10739 10832 11029 11388 11961 12358 12668 13147 14016 14426 14503 14711 14420 13538 13006 12151 11637 11497 11312 11329 10035 8430 5140 4171 4599 4963 16460 16292 15807 14181 12864 11832 10646 9653 8739 7856 7159 6459 6111 5139 4797 4772 4493 4798 5291 5844 6454 7005 13660 15788 16527 16866 16714 16278 16099 15584 15602 15665
4821 7956 10320 12401 20750 17877 20015 23668 25014 25232 24526 23558 22201 20747 19479 18366 17205 16276 15277 14381 13785 12999 12301 11871 11422 11148 11229 11306 11522 12177 12983 13474 13700 14457 14847 15036 15032 14472 13826 13124 12885 12464 12180 12189 12345 12467 11446 9308 7966 5324 4956 8265 16072 16830 16205 14660 13045 12109 10963 9935 9129 8320 7737 7093 6686 5941 5038 4601 4515 4932 5402 6000 6495 7059 10925 16523 17218 17340 17435 16894 16319 16260 16364 16350
4115 4167 9097 11170 18834 17059 10701 18993 22985 24709 24364 23345 22261 20974 19810 18606 17553 16530 15585 14707 13922 13073 12492 12095 11691 11538 11582 11719 11955 12980 14093 14519 15453 15486 15652 15702 15342 14444 13810 13099 12992 12807 12579 12638 13183 13330 12162 10531 8179 5738 5179 12619 16382 17234 16091 14636 13279 12246 11287 10406 9534 8697 8292 7604 6981 5510 5308 5187 5073 5168 5642 6208 6663 7132 10853 17502 18479 18401 18230 17907 17641 17482 17527 17835
3518 3609 8395 17068 19396 17427 10400 16488 20704 23970 24100 23201 21963 20659 19393 18571 17469 16446 15444 14739 13830 13020 12557 12207 11759 11833 11947 12166 11186 13426 15014 15479 16600 16528 16542 16235 15488 14505 13782 13405 13341 13129 12892 13085 13685 13874 13035 11239 9386 5508 7837 12737 16832 17271 16075 14725 13428 12511 11584 10684 9922 9208 8804 8013 7432 5792 5430 5021 5345 5406 5911 6382 6912 7373 10934 17918 19651 19540 19204 19383 18929 19059 19112 19337
3219 3290 7402 20245 20672 19235 17545 16084 18106 23295 23836 22980 21775 20399 19114 17995 16799 15745 15115 14542 13609 13066 12492 12150 12012 12175 11987 12123 12001 14091 15796 16933 17532 17512 17251 16536 15647 14766 14131 13933 13840 13592 13230 13385 13816 14097 13299 11281 9172 7552 7695 13000 16946 17342 16636 14866 13775 12825 11994 11059 10255 9797 9189 8286 7625 5949 5608 4680 5119 5618 6078 6677 7207 7902 11001 17823 20451 20573 20227 20134 20426 20310 20285 20589
3097 3448 6526 21413 21448 21022 19543 17690 17908 22394 23517 22805 21691 20723 19399 17888 16755 16004 15398 14539 13759 13160 12542 12404 12555 12896 12710 13526 14103 15799 16760 18371 18691 18310 17760 16923 15876 15058 14615 14423 14280 13750 13356 12772 13698 13633 13111 11749 9895 10271 12283 15969 17455 17719 16536 15081 14193 13087 12385 11582 10730 10067 9346 8406 7274 6365 5598 5211 5330 5789 6266 6902 7520 8049 8577 16013 19936 20987 21188 20595 20961 20809 20699 20930
2994 3331 3212 22301 22927 22156 21120 20009 21345 22845 23397 23088 22265 20982 19644 18381 17238 16281 15535 14669 13931 13334 12820 12642 13116 13752 14164 14780 16031 17261 19239 19549 19353 18721 18043 16943 16177 15562 15267 14829 14503 14229 13986 14158 14591 14759 14521 12905 12241 11781 12404 16809 17980 18164 17121 15866 14741 13537 12789 11950 10996 10176 9497 8249 7033 6657 6034 5387 5505 5935 6429 7156 7800 8307 8554 10751 17471 20378 21282 21156 21464 21261 21161 20522
2834 2926 2898 20294 23356 23467 22802 22494 22449 22773 23251 23321 22409 21224 19908 18644 17565 16616 15647 14703 14048 13478 13135 12380 12891 13420 14875 15667 17484 18949 20415 19950 19220 18426 17465 17156 16581 16120 15723 15284 14938 14668 14645 15233 15861 16361 16283 15621 14261 13564 14071 17120 18703 18942 17827 16655 15452 14082 13326 12359 11242 10311 9324 8620 7451 7150 6296 5974 5678 6117 6629 7319 7946 8326 8533 10587 17700 21347 21916 22297 21997 21973 21277 21235
