gridcompare/set1_walkaround_results.asc
ncols         391
nrows         472
xllcorner     271845
yllcorner     3875415
cellsize      30
NODATA_value  -9999
[rows 185 to 221 of 472, columns 0 to 83 of 391]
-9999 -9999 -9999 -9999 -9999 -9999 -9999 541 2112 2706 2715 2564 2543 2221 2102 1962 1906 1953 2033 2164 2260 2150 1820 1540 1207 1223 2524 4171 7488 9928 11568 12412 13126 14054 24035 27812 25420 22543 23017 22145 21318 19623 17399 15236 13263 11073 8898 6736 4647 3135 2223 2026 1970 2059 2129 2305 2211 2124 2107 2067 1998 2027 2132 2263 2384 2527 2516 2485 2492 2410 2297 2284 2315 2308 2382 2523 2470 2338 2190 2178 2369 2498 2612 2690
-9999 -9999 -9999 -9999 -9999 -9999 -9999 398 368 296 260 222 214 468 1659 1880 1896 2088 2195 2283 2442 2464 2195 1771 1516 1114 1070 1064 1194 3755 11597 13999 15163 16456 29830 29460 24811 22052 21589 20623 19137 17305 15797 14248 12455 10699 9083 7211 5943 4325 3267 2590 2542 2780 2713 2546 2492 2399 2325 2292 2267 2442 2424 2467 2523 2635 2576 2387 2383 2263 2116 1961 1960 2088 2061 2125 2035 1962 1844 1851 1915 1991 2012 2155
-9999 -9999 -9999 -9999 -9999 -9999 -9999 339 301 266 243 214 177 164 149 318 1813 1921 2178 2195 2254 3170 3102 2565 1897 1184 1025 1037 1212 1510 1958 6458 13934 26496 31870 30686 26126 23805 22253 20948 19636 17873 15849 13883 12029 10805 9340 8227 7158 5962 5006 4143 3445 3425 3112 2958 2863 2824 2767 2674 2810 2746 2851 2755 2665 2583 2326 2198 1993 1904 1803 1766 1819 1880 1980 1877 1784 1720 1702 1748 1698 1805 1809 1831
-9999 -9999 -9999 -9999 -9999 -9999 -9999 285 234 212 173 138 131 106 95 100 114 244 1306 1733 1684 2750 3331 2687 1636 1279 1167 1171 1259 1656 1895 4655 13242 27978 33035 29678 27057 24255 22777 21534 19969 18019 15968 13938 12558 11663 10598 9729 9019 8202 7104 6031 4692 3885 3674 3493 3325 3237 3271 3142 3097 3021 2873 2659 2458 2357 2121 1911 1838 1776 1692 1561 1701 1834 1812 1798 1789 1739 1691 1751 1738 1784 1846 1850
-9999 -9999 -9999 -9999 -9999 -9999 -9999 217 188 162 146 107 75 76 86 96 112 132 136 86 104 1159 2489 2338 1900 1408 1286 1271 1240 1229 1938 2549 13523 31421 31884 28986 26801 25059 23592 22341 20778 18992 16787 15100 14030 13246 12691 11655 11117 10158 8889 7458 5574 4583 4113 3861 3828 3569 3406 3252 2942 2699 2480 2371 2305 2172 2086 1788 1744 1706 1649 1669 1707 1766 1800 1856 1782 1729 1718 1751 1773 1866 1920 1819
-9999 -9999 -9999 -9999 -9999 -9999 -9999 178 135 137 139 82 70 78 86 105 113 133 148 160 215 174 204 1135 1864 1417 1406 1354 1378 1414 1833 2566 13500 31311 30746 28513 26520 24804 23505 22322 21475 19797 17914 16612 15725 14973 14148 13304 12538 10979 9385 7554 5849 4664 4255 4022 3961 3602 3415 3183 2872 2547 2342 2124 2032 2001 2133 1947 1877 1844 1843 1827 1931 1983 1988 2011 1860 1784 1779 1806 1813 1842 1941 2008
-9999 -9999 -9999 -9999 -9999 -9999 -9999 151 128 137 130 137 133 125 137 182 222 380 338 300 304 244 184 125 953 1428 1388 1449 1597 1551 1924 2015 22026 29997 29888 27143 23536 22649 22243 21478 20745 19649 18668 17647 16679 15482 14729 13564 12190 10522 8621 6503 4988 4306 3960 3852 3762 3546 3292 3016 2634 2337 2030 1792 1642 1265 1822 1980 2244 2089 2073 1991 2259 2341 2233 2222 2023 1917 1905 1878 1865 1922 2145 2249
-9999 -9999 -9999 -9999 -9999 -9999 -9999 188 138 139 152 174 184 211 250 264 300 329 370 327 320 287 240 163 124 895 1250 1452 1631 1915 2011 10419 26695 29863 28386 24143 20372 16076 15367 14758 18499 18561 17659 16697 15530 14613 13636 12479 11201 9244 6977 5203 4260 3936 3587 3504 3426 3241 3024 2689 2301 1896 1533 1352 1160 1430 1685 2223 2482 2434 2349 2380 2666 2744 2625 2277 2162 2130 2070 2024 2037 2155 2532 2622
-9999 -9999 -9999 -9999 -9999 -9999 -9999 214 207 192 215 213 228 285 314 336 333 321 372 340 302 282 223 152 159 96 765 1280 1565 2114 1980 26128 29875 29525 26959 22304 17676 11929 9851 9394 8909 8580 8119 7561 7122 8192 9846 9193 8508 7085 5487 4342 3852 3601 3352 2925 3023 2884 2587 2354 1874 1633 1402 1195 1004 1150 1899 2169 2689 2735 2606 2594 3041 3207 2904 2638 2528 2413 2359 2392 2457 2616 2812 2928
-9999 -9999 -9999 -9999 -9999 -9999 -9999 240 213 183 161 188 219 257 281 275 313 284 330 295 267 241 253 186 197 166 130 782 1343 1511 1799 27095 30169 28990 25304 20743 16437 10820 8990 8475 8006 7515 6953 6549 6201 5861 5404 5002 4362 4793 4211 3856 3498 3167 3113 2794 2596 2491 2158 1919 1744 1573 1341 1026 946 1037 1274 2312 2639 2777 3022 3078 3502 3467 3168 3006 2886 2820 2817 2852 2905 2990 3260 3235
-9999 -9999 -9999 -9999 -9999 -9999 -9999 255 198 161 139 132 139 154 194 198 248 253 285 251 272 229 225 272 251 237 225 890 828 723 844 27725 29502 27804 24337 19830 15578 11101 9235 7617 7055 6484 6130 5683 5338 4945 4494 4098 3680 3817 3480 3405 3222 2807 2709 2494 2326 2108 1919 1773 1743 1591 1335 988 981 1066 1153 1575 2741 3075 3272 3545 3807 3885 3510 3325 3220 3141 3243 3330 3461 3581 3632 3695
-9999 -9999 -9999 -9999 -9999 -9999 -9999 275 222 157 130 115 113 120 139 167 197 239 294 246 272 277 254 248 265 284 293 286 282 249 4087 27069 28799 27287 23473 19040 15355 12256 10469 8863 7609 6860 6612 5893 5579 5222 5883 4938 3949 3706 3496 3161 2943 2730 2508 2334 2189 1934 1813 1775 1729 1652 1419 1090 1046 1056 1058 1231 1517 3003 3358 4092 4366 4154 3695 3613 3545 3711 3873 3984 3949 4062 4063 3881
-9999 -9999 -9999 -9999 -9999 -9999 482 285 238 185 132 118 104 105 133 152 192 257 264 294 258 250 290 264 279 302 396 641 944 1480 14095 24955 28259 26620 22872 18525 15491 13390 11919 10375 9272 8557 8318 8149 7639 6787 5858 4759 4015 3613 3368 3083 2844 2600 2471 2333 2155 1968 1875 1874 1829 1782 1544 1321 1198 1104 1058 1080 1292 1572 2983 3801 5071 4941 4314 3833 3914 4176 4336 4545 4581 4601 4521 4383
-9999 -9999 -9999 -9999 -9999 -9999 507 341 260 210 170 134 119 128 141 188 212 258 284 261 251 246 271 305 329 336 339 588 751 3475 11243 22354 27257 26185 22509 18319 15631 14150 13021 12068 11041 10218 9599 8831 7899 7157 6044 4782 4077 3619 3308 3048 2889 2685 2546 2378 2221 2066 2015 1981 1985 1890 1745 1480 1274 1055 1028 982 1083 1312 1606 3521 5131 5184 4719 4374 4368 4545 4966 5314 5057 5055 4971 4821
-9999 -9999 -9999 -9999 -9999 -9999 546 387 282 222 199 189 168 141 176 218 225 260 261 253 259 260 264 299 318 322 356 328 470 1146 10287 18265 26885 26038 22482 18611 16426 15359 14204 13292 12177 11342 10458 9476 8408 7466 6255 4887 4142 3669 3359 3110 2949 2780 2627 2538 2391 2177 2112 2135 2149 2121 2009 1770 1440 1192 968 991 1046 1206 1474 1807 4670 5215 4875 4300 4119 4903 5743 6147 5502 5397 5183 4849
-9999 -9999 -9999 -9999 -9999 -9999 533 426 337 258 234 218 193 179 214 234 232 254 253 261 278 284 292 295 310 332 309 321 265 222 170 8897 26120 26280 23306 20130 18331 16764 15503 14428 13093 12060 10864 9746 8499 7534 6201 5082 4282 3772 3493 3215 3062 2940 2840 2726 2594 2470 2406 2374 2375 2307 2239 2104 1759 1462 1026 1026 1101 1227 1394 2358 4272 5155 4531 4201 4399 4920 6048 5905 5354 5169 5045 4808
-9999 -9999 -9999 -9999 -9999 -9999 568 452 375 296 259 252 219 210 244 252 230 261 280 276 276 298 290 299 335 321 322 287 225 161 117 1083 24041 26983 25344 22468 20041 18026 16387 14861 13496 11999 10490 9174 8236 7144 5936 5009 4438 3995 3675 3493 3313 3211 3103 2971 2868 2766 2679 2756 2646 2563 2577 2499 2237 1840 1496 1268 1196 1503 2255 3926 4795 5306 5277 4707 4921 5204 6012 5457 5032 4972 4790 4533
-9999 -9999 -9999 -9999 -9999 -9999 568 468 413 350 303 275 270 275 313 332 378 343 258 259 249 247 280 294 305 300 279 285 262 178 157 107 22673 27407 26687 24218 21572 19143 17261 15452 13841 11758 10174 8898 7926 6825 5796 5156 4751 4336 4107 3937 3767 3601 3446 3316 3249 3128 3083 3254 3202 3131 2989 2935 2775 2675 2535 2447 2529 2714 3702 4509 5275 6212 6406 6578 6370 6161 6076 5328 5089 4959 4735 4504
-9999 -9999 -9999 -9999 -9999 -9999 534 513 437 384 377 357 380 383 396 385 369 305 256 215 234 270 292 285 279 254 275 247 243 214 168 157 11180 27626 27372 25453 22970 20282 18193 15983 14067 12017 10266 8980 7953 6777 5926 5273 5142 4936 4755 4612 4510 4303 4149 3866 3762 3649 3608 3935 3923 3872 3775 3701 3508 3403 3503 3417 3423 3462 3326 2777 2343 2881 5622 6514 6707 6510 5793 5395 5058 4911 4660 4511
-9999 -9999 -9999 -9999 -9999 -9999 431 525 448 395 389 392 385 417 354 316 294 265 259 271 256 261 273 216 226 218 234 222 229 219 232 170 83 24668 27534 26184 24036 21325 18903 16667 14583 12465 10564 9270 8121 7019 6345 5528 5113 5639 5578 5895 5699 5440 5099 4942 4775 4663 4671 4876 4746 4606 4561 4485 4378 4550 4653 5050 5176 4541 3460 2086 1855 1804 1806 2597 4969 5718 5555 5297 4904 4591 4456 4234
-9999 -9999 -9999 -9999 -9999 -9999 147 407 420 402 378 439 418 390 331 293 287 263 259 263 246 297 214 202 183 186 192 164 180 187 202 199 150 24030 28118 26699 24729 22102 19544 17311 15231 13211 11144 9696 8572 7259 5647 4774 4907 5159 6803 7690 7763 7370 6959 6794 6373 6628 6445 6339 5810 5404 5326 5155 5248 5539 5839 5789 5393 4307 2508 1563 1545 1485 1555 1999 2111 4234 5238 5150 4842 4389 4091 3742
-9999 -9999 -9999 -9999 -9999 -9999 102 143 236 268 416 427 421 411 359 287 269 248 247 255 257 234 217 201 170 182 155 144 156 166 191 205 207 20453 28058 27373 25423 23003 20383 18066 15956 13979 11792 10324 8020 6931 5622 5730 6104 6469 6693 9604 9839 9446 8895 8642 8760 8928 8619 8070 7354 6766 6315 6046 5986 5987 5850 5453 4530 2672 1644 1354 1300 1318 1398 1480 1751 1924 4189 4931 4824 4489 4152 3711
-9999 -9999 -9999 -9999 -9999 -9999 97 97 86 145 213 357 434 387 350 301 261 249 242 243 242 280 261 230 252 201 181 156 156 168 178 194 203 11359 28051 28032 26372 24086 21407 18857 16791 14867 12861 11025 8603 7096 6360 6518 6862 7315 7850 9413 11536 11420 11343 11327 11287 11866 11262 10408 9233 8041 7128 6392 5974 5688 5232 4580 3305 2021 1570 1383 1214 1189 1220 1296 1475 1521 3123 4578 4768 4629 4360 3968
-9999 -9999 -9999 -9999 -9999 -9999 90 87 86 80 117 263 342 402 346 310 290 260 232 242 278 291 315 310 315 268 251 231 149 193 191 161 190 6004 26701 28410 26926 25070 22454 19804 17665 15944 14029 11440 9294 7809 6903 6632 7082 7709 8278 8798 10556 12934 10717 10860 13698 14387 13892 12461 10509 8672 7110 6201 5498 4803 4523 3651 2319 1666 1404 1320 1194 1123 1130 1221 1269 1338 1368 2889 4444 4582 4376 4126
-9999 -9999 -9999 -9999 -9999 -9999 80 81 88 88 88 204 365 405 371 320 296 264 215 225 249 263 308 337 342 331 310 297 238 236 215 189 189 82 25116 28622 27779 26050 23605 20919 18547 16933 15345 13268 10501 8404 7557 7354 7434 8319 8899 9108 10569 13619 10765 11073 14764 15897 15376 13488 10930 8658 6811 5852 5142 4400 3620 2433 1754 1483 1368 1251 1121 1120 1081 1099 1161 1179 1201 2013 3781 4516 4506 4436
-9999 -9999 -9999 -9999 -9999 -9999 70 81 84 98 100 119 249 403 378 341 314 273 255 240 235 274 330 366 375 385 350 350 282 250 214 156 233 150 24251 28861 28474 26761 24650 22186 19803 18037 16593 14662 11793 10237 8794 8365 8757 9287 9686 10834 15166 14573 14595 14540 14556 16248 15357 13345 10171 8087 6455 5419 4621 3875 2791 2050 1566 1389 1289 1218 1129 1196 1045 1009 1039 1065 1098 1473 3318 4472 4593 4684
-9999 -9999 -9999 -9999 -9999 -9999 74 74 82 86 94 83 124 364 379 363 314 264 261 258 268 289 314 350 401 401 402 342 244 353 356 875 1243 1281 20496 26025 28666 27731 25689 22851 21251 19555 18006 16357 14831 12183 9665 9824 10009 10502 15780 16279 16362 15888 15190 14544 15255 14302 13533 11689 9390 7442 5972 4982 4255 3512 2401 2000 1660 1456 1314 1339 1278 1236 1237 1133 1028 968 995 1393 2793 4104 4443 4790
-9999 -9999 -9999 -9999 -9999 -9999 73 71 71 74 83 93 82 244 398 388 331 299 282 283 293 314 340 345 504 1128 1390 1785 1587 1520 1675 1726 1581 1525 1398 25237 26508 28355 25959 24156 22786 21218 19670 18304 17038 15367 11126 11134 11361 16918 17618 17943 17562 16730 15655 13946 12955 13543 12808 10595 8577 6846 5595 4747 4072 3441 2456 2157 1914 1767 1671 1676 1700 1709 1636 1645 1575 1528 1450 1720 2756 3785 4044 4720
-9999 -9999 -9999 -9999 -9999 -9999 63 63 64 71 76 81 82 127 322 335 352 318 313 309 310 326 328 1035 1310 1831 1912 1928 1875 1844 1857 1864 1796 1842 1768 6880 26354 28794 26915 25342 24108 23010 21362 20301 19367 18453 16851 12685 18217 19008 19481 19062 18121 16803 14726 12678 12597 12459 11735 9676 7790 6382 5396 4759 4179 3664 3078 2726 2426 2289 2188 2202 2178 2242 2295 2210 2166 2126 2024 2456 2848 3173 3350 3489
-9999 -9999 -9999 -9999 -9999 -9999 62 58 62 62 71 84 86 87 220 395 376 333 312 315 319 445 1530 1846 1945 1930 1923 1952 1937 1866 1799 1698 1810 1825 1886 1863 23594 28576 28199 26595 25233 24233 22998 21936 21309 20706 19446 20796 20929 20823 21000 19603 18121 14862 13517 12988 12666 12795 11156 9242 7480 6384 5534 4983 4597 4158 3921 3585 3306 3080 3225 3243 3330 3218 3084 2988 2915 2915 3079 3196 3431 3150 3290 3535
-9999 -9999 -9999 -9999 -9999 -9999 58 53 63 71 83 79 89 89 245 378 429 383 347 297 507 1807 1807 1884 1869 1879 1874 1920 1845 1686 1660 1643 1695 1722 1826 1877 1925 24529 26410 27306 25973 24591 23620 23333 23366 23235 23129 22631 22164 22491 21752 19642 16774 15432 13506 12759 12851 12514 11072 9565 7934 6992 6395 5865 5400 5115 4792 4546 4360 4334 4394 4346 4285 4045 3889 3653 3651 3567 3638 3728 3876 3717 3334 2459
-9999 -9999 -9999 -9999 -9999 -9999 64 67 69 75 86 94 93 122 261 350 504 639 853 1083 1679 1832 1877 1849 1736 1747 1767 1791 1734 1495 1493 1528 1571 1625 1636 1647 1649 1535 15993 22441 22130 24001 24142 25217 25508 25073 24925 24106 23299 23373 22243 20410 16777 14991 13839 12744 12815 12335 11628 10487 9288 8391 7770 7278 6894 6406 5875 5547 5331 5183 5196 5064 4807 4433 4231 4064 4013 3970 4016 4145 4161 4140 3980 3637
-9999 -9999 -9999 -9999 -9999 -9999 67 74 79 79 92 96 102 123 203 253 897 1469 2129 1964 1846 1849 1757 1695 1624 1599 1675 1645 1589 1436 1419 1416 1482 1536 1522 1536 1484 1416 1245 883 9393 12369 15300 23656 26280 26469 25945 25588 25267 23900 22673 20504 18648 16095 14368 13082 12683 12630 12112 11570 11050 10302 9775 9204 8411 7695 7113 6614 6212 5839 5517 5296 5060 4762 4529 4323 4267 4309 4335 4498 4719 4843 4725 3707
-9999 -9999 -9999 -9999 -9999 -9999 79 82 87 87 91 101 101 92 92 710 2541 2701 2373 2101 1925 1762 1582 1518 1505 1518 1550 1593 1514 1370 1285 1289 1375 1414 1425 1449 1413 1348 1235 1010 554 66 1139 8967 22673 26556 26587 26229 25516 24340 22837 21156 19272 17079 14785 13176 12550 12677 12309 12385 12210 12274 12066 11448 10292 9131 8134 7379 6707 6126 5755 5433 5236 4937 4716 4574 4508 4494 4647 4865 5046 5189 5179 4845
-9999 -9999 -9999 -9999 -9999 -9999 93 91 83 80 85 93 90 75 1396 2487 2872 2604 2323 2031 1820 1576 1424 1275 1377 1457 1487 1476 1378 1220 1150 1177 1229 1280 1327 1317 1330 1235 1219 1090 670 101 47 10020 15465 27398 27384 26949 25834 24459 23287 21993 20074 17930 15806 13567 13029 12779 12843 12711 12882 13342 13356 13245 12206 10544 8884 7796 7054 6428 5861 5500 5234 4978 4839 4709 4680 4720 4861 4989 5249 5340 5110 4711
-9999 -9999 -9999 -9999 -9999 -9999 94 91 87 85 67 69 554 1323 1603 2684 2891 2616 2232 1909 1711 1505 1371 1280 1294 1396 1320 1339 1212 1120 1038 1027 1055 1096 1129 1163 1172 1143 1112 1054 760 412 598 14832 16975 28244 28718 27560 26416 25281 24254 22764 20975 18846 16571 14763 13811 13465 13300 13526 13827 14251 14318 14213 13408 11521 9495 8124 7223 6494 5978 5620 5345 5175 5090 5095 5089 5113 5241 5354 5533 5469 5704 6059
-9999 -9999 -9999 -9999 -9999 -9999 110 102 94 75 61 595 1194 1417 2424 2773 2779 2555 2067 1810 1640 1436 1327 1232 1343 1314 1177 1193 1077 1011 912 875 892 919 941 994 1002 1005 1036 1058 1026 728 958 12102 17494 29490 29545 28729 27734 26554 25307 23412 21937 20081 18089 16500 15513 14904 14893 14680 15117 15173 14954 14950 13847 11987 9931 8351 7398 6603 6147 5724 5510 5500 5556 5481 5501 5489 5590 5683 5845 6057 6355 6745
