gridcompare/set1_VC2.laura.asc
ncols	391
nrows	472
xllcorner	271845
yllcorner	3875415
cellsize	30
NODATA_value	-9999
[rows 38 to 75 of 472, columns 168 to 251 of 391]
4746 4995 4741 4506 4432 4202 4570 5265 4992 4574 3916 3910 3263 3123 2808 2459 2168 1784 1445 1032 348 269 930 1344 1220 705 847 959 1050 1171 1267 1963 1546 1231 1371 1528 1670 2753 1832 1425 1242 987 730 702 861 1112 1256 1574 1883 2061 2170 2267 4378 4316 3790 3430 3088 2762 2492 2358 2292 2122 2046 1988 1796 1493 1260 1411 1663 2092 2011 1784 2416 2255 2247 2326 1872 1782 1207 1044 1121 1417 1768 1662
4899 5108 4980 4825 5031 5170 5707 5391 4951 4384 4730 3665 3467 3014 2857 2498 2183 1771 1397 830 288 433 1092 1537 1354 782 919 1022 1113 1227 1714 1818 1440 1189 1471 1591 1754 2805 1790 1513 1161 943 726 613 825 1080 1334 1566 1772 2071 2281 2364 5308 4666 4088 3681 3226 2954 2652 2510 2386 2287 2126 1890 1643 1439 1317 1319 1597 2188 2115 2172 2251 1788 2127 1595 1447 1853 985 1148 1355 1777 1175 1540
5090 5333 5680 5696 5732 5760 6079 5708 4763 4671 4007 3703 2912 2433 2237 1996 1778 1542 1238 334 459 587 1639 1701 1181 1096 973 1084 1174 1281 1995 1652 1125 1289 1534 1717 2295 2691 1823 1406 1119 967 833 689 827 1098 1348 1610 1802 1996 2310 2669 5747 4764 4271 3746 3339 3149 2864 2682 2592 2426 2296 2129 1810 1652 1516 1705 1436 2292 1939 1807 1515 1412 1112 1053 1327 1373 1783 2065 1840 1792 1267 1165
5310 6226 6141 6330 6334 6694 6508 5961 5082 4161 3871 3335 2326 2011 1892 1666 1523 1165 509 496 613 760 1844 1944 1318 1431 1640 1068 1188 1301 1998 1366 1214 1416 1571 1767 2705 2480 1692 1307 1142 956 838 742 871 1170 1404 1683 1852 1997 2285 4146 5344 4929 4483 3859 3521 3309 3127 2785 2699 2675 2598 2306 2028 1773 1614 1804 2079 1969 1487 1170 1260 1235 1003 1229 1312 1519 1775 1908 2324 2004 1101 920
6366 7035 7359 7355 7630 7283 6660 5989 5429 4216 3456 2745 2139 1834 1663 1557 1393 793 483 590 755 900 2023 1983 1948 1918 1829 1252 1228 1371 1808 1514 1254 1556 1676 1832 2870 2200 1695 1295 1129 991 816 745 956 1191 1457 1732 1899 2039 2560 2963 5936 5189 4659 4041 3639 3273 3068 2760 2497 2680 2611 2260 2031 2012 1837 2150 2154 1933 1291 1149 871 1194 1367 1429 1436 1535 1796 1971 2459 2084 1154 1210
8035 8706 9069 9422 9829 9506 8753 7914 6481 4721 3501 2338 1964 1842 1760 1474 490 518 626 725 889 1046 2221 2147 2412 1976 2199 1477 1208 1432 1601 1520 1465 1617 1777 2381 2774 2042 1651 1305 1152 1021 890 820 1043 1217 1421 1734 1891 2328 2778 4096 5778 5355 4831 4325 3619 3324 2496 2265 2375 2437 2270 2076 2025 2050 2203 2281 2121 1674 1346 1078 1073 1267 1579 1508 1375 1653 1751 2144 2345 1988 1461 1363
14816 11756 11042 10700 10223 10463 8823 8056 6897 5132 3517 2600 2156 1939 1477 1053 515 632 731 825 936 1123 1725 1711 2662 2434 2408 1515 1248 1441 1613 1482 1659 1768 1827 2949 2777 2139 1810 1342 1198 1079 1035 951 1113 1280 1430 1722 1874 2477 2963 6478 5775 5582 5085 4625 4013 3373 2714 2156 2001 2042 1937 1759 1569 1657 2168 2278 1778 1420 1209 1164 1074 1367 1555 1628 1601 1722 1806 2107 2289 1930 1902 1885
16079 12476 11194 9937 9513 10237 10022 9683 6588 5502 3933 3015 2239 1669 1264 1101 631 720 837 905 1121 1629 1898 1800 1787 2998 2470 1552 1289 1512 1580 1690 1759 1878 1943 3449 2783 2348 1888 1363 1291 1242 1173 1055 1234 1427 1485 1697 1896 2537 3058 6912 6400 5712 5255 4634 4139 3464 2731 2362 1922 1618 1552 1693 1540 1033 1232 1048 930 761 765 980 1234 1327 1532 1685 1778 1871 1949 2107 1996 2407 2023 2015
15617 13005 10131 9035 8723 8940 8589 8488 7851 6974 5633 3833 2623 1511 1037 986 793 777 815 2427 3598 3953 4411 3886 2849 2930 2546 1106 1442 1574 1628 1666 1837 1984 2408 3724 3001 2599 1883 1471 1379 1355 1306 1154 1206 1434 1505 1623 2015 2673 3078 6733 6231 5493 5115 4771 3802 2850 2725 2287 1863 1511 1423 1311 1143 667 643 713 632 598 748 872 1186 1445 1652 1860 1961 2001 2074 1950 2223 2619 2287 1897
15080 12502 9480 8295 7294 7675 7807 6786 5860 5466 4938 4193 3018 3509 2574 1146 981 1092 2238 3462 3859 3928 4276 4367 5339 4975 2781 1322 1581 1556 1670 1482 4282 4703 5427 7211 3660 2921 1949 1442 1468 1397 1364 1217 1407 1343 1536 1592 2189 2737 3008 7913 5471 5195 4860 4118 3294 2712 2187 1922 1790 1607 1240 995 833 696 651 632 692 652 794 843 1264 1585 1807 2004 2120 2120 2187 2044 2075 2957 2770 1919
14652 12685 8821 7952 7956 6886 6402 5301 4225 3390 3026 2644 2768 3344 4029 5749 5599 4597 3648 3127 3455 3611 4213 4662 5005 4845 5897 6513 6438 6739 5135 5466 5746 6390 9444 7934 6487 5171 3595 4233 2913 2404 1306 1359 1460 1374 1611 1648 2559 2943 3262 9807 6444 5632 4844 4220 3713 2839 2338 2127 1880 1726 1503 1268 1122 909 835 796 708 845 833 957 1301 1593 1825 2135 2273 2341 2105 3294 3031 3483 3142 3031
13979 13001 11201 9072 7907 5924 4620 3741 3021 2447 2421 2241 2291 2982 3554 4616 4991 3925 3323 2559 2845 3226 3705 4114 4268 4617 5245 6236 5129 4084 4322 4648 5144 5635 6127 6477 5020 4701 4071 3917 3646 3297 4169 3603 2179 2012 1667 2423 2763 3107 6714 9911 8100 7355 6470 4537 4048 3347 2603 2236 2140 1932 1735 1596 1464 1443 1404 1113 1012 897 1071 1214 1499 1751 1943 2207 2370 2412 3497 4255 4691 4692 5506 6098
12898 11539 9419 7417 5175 3503 2785 2311 2025 1913 1791 1825 1377 1890 2424 2926 3687 3664 2749 2155 2173 2620 3022 3338 3554 3908 4340 4916 4178 3364 3018 3679 3853 4261 4662 5200 3990 3747 3536 3369 3476 3519 3630 3810 4835 5032 4621 2939 3008 5701 9286 9566 8741 8200 6587 4907 4386 3672 2965 2522 2413 2209 2133 1879 1823 1828 1667 1567 1352 1318 1304 1429 1603 1841 2032 2234 2751 5765 6083 5977 5756 5183 4664 5077
10816 8995 6194 3963 3074 2469 2107 1830 1537 1393 1349 1292 1082 850 1236 1646 2040 2669 2614 1786 1209 1866 2324 2588 2753 2987 3279 3800 2801 2801 2682 2719 2750 2952 3256 3638 3305 3182 3020 2939 2930 3051 3317 3622 4033 4392 4638 5637 6533 9350 7856 7875 7813 7802 7621 6387 4764 4032 3446 3157 2763 2617 2368 2254 2138 1991 1931 1717 1609 1550 1501 1640 1754 1921 2160 2229 7970 7279 5285 5109 4528 3555 3116 3168
6991 4921 3779 3039 2318 1997 1772 1518 1338 1177 1061 1052 1044 851 633 568 827 1551 1834 1492 1228 1240 1525 1900 1780 2016 2338 2789 2559 2557 2450 2444 2467 2644 2979 3164 2909 2791 2652 2599 2653 2797 3000 3295 3580 3855 4654 5555 6691 9168 7436 7216 6712 6490 6692 6555 5671 3977 3713 3818 3637 3486 2975 2667 2355 2222 2039 1854 1800 1612 1705 1803 1936 2041 2217 6113 5604 5296 4470 4008 3453 2612 1938 1856
5417 4245 3352 2533 1987 1593 1399 1238 1085 1063 1007 1010 934 928 907 388 478 749 1237 1238 911 920 1318 1411 1384 1595 1961 2408 2413 2363 2265 2155 2299 2463 2811 2984 2701 2547 2414 2347 2450 2571 2747 2995 3267 3640 4433 5443 9394 7403 6942 6278 4851 4017 4743 4941 4785 4889 3531 4248 4314 4140 3950 3706 3073 2407 2112 2059 1830 1737 1832 1916 1959 3112 8290 5220 4909 4488 3761 3122 2265 1756 1344 1279
5241 4020 2814 1989 1485 1262 1122 979 968 932 831 791 744 678 643 690 564 640 1077 1038 738 668 1043 1324 1025 1213 1654 1997 2174 2269 2162 1938 2200 2422 2779 2767 2536 2343 2238 2163 2254 2439 2609 2766 3078 3429 4035 4896 8483 7810 6035 4853 2864 2611 2771 3290 3684 3683 4557 5129 6932 5019 4735 5029 4387 3440 2493 1962 1749 1828 1850 1836 4427 7241 5798 5172 4695 3965 2880 1434 1244 1114 801 634
5554 3596 2387 1739 1346 1117 932 966 885 809 758 640 632 563 454 427 521 603 914 888 956 726 811 1084 969 897 1070 1648 1727 1986 1827 1756 1975 2215 2595 2597 2351 2286 2127 2052 2137 2268 2404 2489 2808 3084 3556 4540 7992 5779 4669 2616 2059 1995 2571 2727 3234 3883 4253 4633 8600 8195 7250 6748 6025 5068 3801 4627 5428 6849 7974 7467 5772 5093 5206 4677 4206 3547 2559 1368 867 712 606 542
7610 3618 2664 2024 1599 1187 938 899 826 658 550 429 425 466 422 424 457 474 559 627 540 497 945 959 1011 923 1051 1345 1436 1593 1601 1463 1782 2019 2417 2384 2420 2187 2099 2100 2063 2130 2132 2211 2450 2792 3261 3758 6509 5440 3027 2042 1893 2169 2512 2647 2815 3467 4068 4471 5837 8012 6624 6452 5121 3404 2959 3947 4309 4575 8100 6140 5282 5058 4921 4394 3783 3200 2508 1812 1010 734 774 605
9997 3802 3199 2513 1853 1412 1281 889 613 417 340 377 369 429 410 401 516 499 493 384 404 376 469 647 761 1025 1008 1098 1201 1330 1435 1474 1465 1749 2031 2135 2265 2274 2157 2087 2017 2072 1922 1996 2408 2819 3225 3588 4684 5666 3174 2634 2797 2484 2558 2549 2567 3035 3862 4374 6961 6634 5406 4562 3397 2912 2836 3913 4170 4391 6859 6880 5557 5069 4590 3911 2800 2222 1804 1623 1329 1067 883 746
13384 10083 5305 3709 2554 2108 1359 786 450 306 283 288 315 375 312 488 649 616 538 480 426 446 436 527 783 845 752 972 1045 1228 1319 1239 1456 1464 1773 1771 2045 2164 2154 2093 2069 1915 1904 2083 2512 3006 3548 4001 5810 6863 3589 3049 2595 2386 2367 2390 2381 2458 3417 4234 6364 5925 4441 3631 3085 2744 2704 3653 3977 4162 5572 7122 5589 4779 3877 2693 1885 1387 1148 1073 1024 1219 993 753
10413 12639 8855 5511 3344 2206 1204 602 357 283 263 245 271 285 320 593 756 754 664 586 420 508 527 712 956 837 721 779 831 852 1067 1200 1327 1496 1520 1516 1706 1976 2043 2057 2199 2116 2035 2323 2813 3269 3624 4112 4881 7836 4696 3661 2941 2414 2097 2129 2283 2394 3423 4071 5169 5610 3804 3122 2668 2512 2502 3294 3686 3954 4140 6458 5440 4666 3084 2225 1767 1446 939 698 762 1047 995 702
10163 11866 8599 7351 5875 2255 1131 404 339 311 273 247 266 291 307 741 935 997 853 675 618 720 949 1061 1003 954 764 605 682 722 579 808 767 965 1281 1483 1668 1656 1832 1972 2104 2288 2321 2408 2734 3203 3625 4194 4727 7815 5389 3870 3213 2463 2061 1985 2243 2535 3299 3817 4753 4892 3375 2760 2295 2273 2340 2900 3415 3651 3847 5070 6148 4552 2756 2099 1726 1443 1120 1084 920 1074 1012 803
9687 10390 8005 6840 5851 4886 2461 436 374 327 289 265 282 303 322 1186 1434 1295 1225 1003 1049 1096 1203 1172 1014 853 706 544 624 622 468 518 487 624 718 1237 1601 1586 1620 1749 1877 2091 2335 2334 2822 3116 3584 4076 4698 7718 5364 4209 3384 2544 2158 2070 2245 2445 3105 3520 3836 4387 2973 2521 1971 1980 2076 2385 2979 3340 3554 3649 4970 5439 3109 2231 1950 1609 1439 1140 1401 1324 1186 998
9052 9060 6626 5442 4909 4161 4413 1065 422 327 302 278 299 318 344 1981 2046 1950 1736 1451 1416 1389 1314 1165 903 715 569 550 607 610 610 602 588 658 794 736 968 1431 1532 1590 1696 1952 2111 2295 2695 3065 3543 4004 4583 6888 6374 4746 3392 2941 2314 2294 2289 2184 2743 3202 3524 3881 3426 2397 2120 1696 1916 2185 2518 2912 3171 3374 3304 4773 4968 2378 2120 2031 1856 1478 1881 1600 1115 215
8451 7401 5324 4977 4955 5351 4012 2276 358 346 277 301 312 347 427 2937 3102 2963 2425 1964 1639 1427 1259 1115 882 676 476 566 656 688 734 772 908 1054 993 1087 1004 1128 1149 1406 1432 1632 1847 2075 2400 2995 3405 3845 4283 5373 6282 4605 3754 2941 2422 2281 2080 1971 2476 2850 3123 3476 3586 2382 2253 2028 1918 2133 2287 2635 3081 3369 3718 4010 5849 3642 2704 2377 2345 1820 2605 1972 939 435
7566 6705 5097 5016 5448 5414 4645 3130 2638 337 311 334 559 724 757 4103 3852 3790 3237 2491 1825 1540 1297 1066 866 626 625 694 887 997 917 846 979 901 1094 1410 1248 825 934 901 1257 1388 1614 1793 2065 2573 3105 3616 3968 4123 5773 4082 3504 2644 2304 2031 1860 1774 1965 2392 2691 3168 3589 3242 2284 2140 1988 1948 2144 2677 3167 3519 3746 3799 3724 3528 3598 3216 1961 3192 3186 2717 1780 592
6814 6205 5197 4834 4902 4619 5098 4033 3978 2327 721 1069 1241 1326 4692 4806 4696 4543 3833 3051 2278 1804 1475 1261 1036 720 721 922 1048 1072 1146 991 968 1240 1094 993 859 812 1013 1015 1291 1406 1408 1665 1861 2190 2723 3196 3476 3776 4767 3617 3036 2552 2197 1794 1657 1545 1913 2378 2824 3384 3514 2537 2234 2110 1895 2055 2216 2757 3116 3346 3560 3668 3851 4016 4213 5231 4246 5723 4534 3966 3700 4516
5769 4946 4000 4615 4886 5331 5326 5986 6407 4604 3287 2651 2763 2081 5328 5406 5229 4867 4263 3370 2661 2261 2110 1784 1312 1119 1030 1195 1495 1504 1329 1219 1087 1171 1109 1029 1298 1227 1121 1263 1038 1499 1503 1525 1559 1795 2305 2667 2891 3147 3596 3775 2760 2526 2273 1968 1646 1776 2167 2599 2925 3435 3595 2382 2135 2028 1887 2005 2270 2643 2872 3104 3177 3408 3713 4069 4176 4588 7171 5945 5375 5105 4922 4599
2821 2839 3136 3082 3329 3718 5149 6047 7632 8864 8485 7872 6911 5305 5476 5802 5724 5126 4281 3672 3277 3143 2887 2399 1775 1576 1175 2009 1984 1846 1702 1476 1406 1286 1327 1505 1459 1416 1397 993 1331 1520 1341 1267 1428 1478 1688 2019 2271 2495 2735 3396 3234 2412 2200 1981 1852 2009 2276 2601 2927 3352 3251 2478 2103 1975 1942 1970 2176 2379 2578 2778 2950 3461 3792 4027 4166 4286 5244 4601 3888 3683 3479 3625
2888 2597 2441 2511 2946 3446 3797 6029 8213 8620 9018 9195 9623 10092 10254 6242 6024 5294 4618 3918 3707 3659 3523 3187 2519 2113 1389 2795 2787 2478 2314 1995 1810 1562 1500 1628 1859 1718 1028 981 797 1174 1103 1117 1145 999 1340 1520 1649 1979 2306 2513 3011 2158 2075 1898 1740 1792 2121 2406 2732 3038 2957 2777 2088 2005 2056 1970 2199 2322 2519 2820 3213 3490 3811 3841 3923 3845 4601 3982 3262 2927 3204 3188
3166 2849 2688 2286 2669 3348 3775 5903 7643 8084 7650 8081 8609 8893 9377 10401 5676 5281 4857 4543 4323 4239 4206 3714 3110 2892 2982 3413 3538 3344 2975 2566 2193 1864 1959 1694 1562 1356 1222 1077 1020 1590 1306 1183 976 1062 1123 1347 1508 1462 1670 2171 2452 2306 2006 1633 1575 1559 1815 2136 2405 2651 2796 2528 2518 2138 2078 2213 2238 2395 2665 3081 3368 3618 3557 3526 3631 3915 3923 3620 2796 2585 2812 3193
3452 3134 2968 2562 2699 3117 5667 7286 5842 5872 6333 6825 7574 8049 8297 8345 9372 5449 5305 5191 5006 5042 4882 4508 3917 3775 4071 4594 4995 4441 3854 3118 2566 2433 2013 2085 1906 1392 1595 1338 1799 1630 1627 1297 1181 1191 1330 1242 1241 1314 1281 1729 1911 1984 1679 1602 1289 1516 1500 1725 2012 2236 2217 2562 2524 2018 1938 2009 2276 2434 2797 3047 3328 3526 3291 3298 3612 3434 3626 3294 2875 2400 2618 2832
4140 3832 3464 3326 3041 2981 4836 6392 4572 4575 4971 5371 6017 7158 7570 8008 6890 6765 5959 6347 6214 6524 6420 6080 5742 5552 5716 5931 5715 5620 4827 4386 3802 3240 2704 2095 1534 1337 1504 1867 1989 1958 1543 1369 1129 1262 1381 1244 1316 1248 1269 1433 1588 1604 1536 1505 1334 1313 1418 1364 1673 1805 2077 2139 2269 2264 1771 2061 2215 2542 2783 3008 3319 3098 3113 3329 3142 3158 3347 3084 2709 2533 2680 2742
4861 4515 4246 4211 3649 4507 4990 3392 3521 3694 4294 4863 5262 6110 7422 8150 8430 11957 7011 7477 7177 6580 6268 6079 5839 5529 4879 4973 5317 5376 5047 4512 4022 3597 2902 2315 1659 1694 2006 2126 1998 1806 1617 1447 1344 1197 1260 1239 1347 1330 1265 1307 1340 1389 1290 1375 1324 1285 1311 1213 1372 1512 1765 1863 1929 2063 1844 1902 2064 2251 2557 2797 3118 2924 2907 2907 3185 2711 2747 2395 2544 2754 2894 3043
7739 7970 6957 8195 8454 5601 4043 3546 3253 3312 4002 4666 4998 5287 6794 7692 8477 13205 10306 7105 6858 6452 6045 5757 5364 4673 4163 3799 4371 4373 4595 4184 3768 3314 3068 2537 2495 2837 2184 1947 2054 1787 1605 1580 1476 1306 1290 1313 1255 1267 1316 1298 1302 1256 1145 1261 1317 1238 1191 1185 1260 1248 1491 1581 1685 1807 1736 1736 1924 2021 2300 2578 2823 2811 2651 2914 3171 2797 1990 1875 2225 2459 2559 3192
8855 9069 9630 9404 8308 3968 3264 3066 3069 2985 3716 4457 4803 5134 5814 7355 8275 11460 9723 7342 6752 6228 5711 5315 4948 4189 3750 3272 3917 3770 3605 3505 3388 2883 2530 2082 2497 3117 2887 2477 1966 1792 1628 1627 1500 1419 1359 1241 1052 1157 1235 1263 1275 1321 1264 1190 1216 1131 1186 1099 1147 1145 1242 1327 1395 1492 1647 1593 1652 1841 2096 2316 2560 2618 2740 3032 3471 2472 1816 1693 2020 2107 2308 2734
8253 8767 8848 8946 7475 4300 3575 2921 2452 2727 3742 4312 4657 4999 5625 7169 8145 11301 9725 7749 6544 6024 5607 5070 4691 4323 4034 3475 3301 3238 3120 2867 2716 2097 1255 1229 1328 2942 3200 2487 2123 1931 1679 1528 1406 1272 1171 997 931 979 1014 1001 1230 1264 1152 1193 1256 1151 1087 1171 1083 1071 1125 1156 1246 1327 1423 1541 1528 1580 1825 2007 2231 2381 2741 2999 3322 2042 1749 1625 1861 1973 2116 2336
