Visibility/Code off linux servers/qsort_noarctan/results.asc
ncols         391
nrows         472
xllcorner     271845
yllcorner     3875415
cellsize      30
NODATA_value  -9999
[rows 37 to 73 of 472, columns 252 to 335 of 391]
2361 2349 2413 2351 2422 2434 2417 2389 2353 2481 2576 2522 2607 2542 2667 3040 3589 3841 4293 4858 5178 5557 5999 6077 6320 6206 6248 6539 6229 4556 2027 1539 1305 1744 2583 3963 4415 4860 5545 6001 5735 5507 5268 5458 5653 5638 5861 5976 6754 7397 7268 5504 3291 2092 2857 2349 2757 3812 4936 6058 6449 6417 6651 7097 7009 6545 5630 5316 5586 5706 5932 6246 6523 6419 6328 6445 6539 6543 6843 6466 7945 8383 8570 7546
2287 2259 2235 2308 2408 2376 2311 2324 2330 2322 2426 2400 2324 2347 2443 2751 3467 3764 4268 4810 5172 5265 5641 5660 5807 5595 5578 6161 6625 5870 4049 1876 1468 1740 2635 3988 4429 5073 5803 5712 5380 5135 5079 5371 5472 5548 5567 5821 6435 7181 6995 6982 6340 5135 4080 2213 2550 3931 5541 6634 7055 7044 7324 7144 6623 5639 5312 5083 5284 5796 5839 5501 5974 6754 6476 6869 6937 6926 7256 7165 7355 8873 10238 10599
2219 2222 2190 2346 2334 2344 2251 2224 2257 2296 2308 2319 2346 2285 2351 2637 3018 3488 3716 4234 4718 4781 4936 5003 5116 4975 5211 5520 6197 5763 4381 2133 1590 1736 2872 3849 4782 5165 5498 5390 5016 4911 5254 5454 5776 5970 6158 6166 6501 7063 6992 6969 6946 6475 5399 2566 3071 4183 5348 6346 7141 7239 7553 7023 6521 5505 5176 5467 5600 5792 5552 5844 6532 6958 7174 7104 7691 7000 6704 6712 8189 9863 10278 11570
2263 2230 2263 2395 2380 2401 2292 2092 2035 2113 2174 2214 2257 2323 2329 2454 2570 2734 2892 3359 3775 4291 4490 4664 4514 4300 4742 5314 5813 6292 5465 3285 2210 2232 3410 4212 4449 4856 4998 5107 5193 5337 5594 5979 6618 6709 7005 7058 6914 6945 6338 6361 6929 6943 5419 3794 2799 4128 5338 6300 7059 7212 7043 7021 6520 5570 5214 5351 5701 6093 6627 7161 7558 8232 8593 8085 8239 7859 7023 7180 9968 10496 11525 11656
2328 2375 2395 2526 2569 2579 2316 2132 1926 1892 1938 1973 2050 2123 2128 2228 2294 2245 2137 2724 3115 3554 4054 4191 4023 4161 4548 4979 5835 6213 5730 4770 3483 3282 3661 4040 4019 4203 4627 5113 5225 5556 5843 6397 6732 6833 7203 7277 7057 6440 6100 6036 6369 6365 5992 4492 3634 4140 5385 6057 6670 6846 6647 6591 6119 5701 5209 5595 5748 6382 6564 6979 7130 7688 8723 9725 10058 9481 9304 9607 9772 10747 11217 11505
2236 2372 2474 2559 2777 2746 2588 2454 2223 2228 2067 2045 2072 2083 2075 2266 2298 2092 2226 2499 2906 3064 3234 3624 3767 4269 4708 5215 6064 6159 5604 5125 4521 4125 3974 3784 3722 3949 4512 5071 5303 5424 5767 6111 6376 6497 6770 6682 6490 6091 5623 5861 6111 6451 6007 5156 4307 4048 5063 5598 6130 6551 6481 6265 5753 5624 5100 5367 5778 6337 6409 6105 6639 6927 7734 9025 9755 10502 10734 9591 9254 9645 10737 11046
2348 2327 2471 2631 2843 2957 2909 2757 2703 2491 2310 2185 2202 2190 2321 2315 2280 2178 2018 2228 2500 2686 2909 3424 3841 3976 4501 5034 5801 5303 5279 4821 4443 4078 3776 3840 4124 4399 4748 4998 5257 5255 5426 5821 5891 6028 6237 6232 6039 5871 5676 5802 5965 6206 6112 5725 4965 4672 4791 5319 5673 6036 6180 5911 5693 5503 5306 5457 5818 6291 6646 6052 6285 6482 6757 8674 9718 9875 10236 9357 8232 8382 9830 10104
2499 2411 2549 2691 2940 3018 3160 2989 3012 2833 2705 2633 2523 2467 2614 2425 1940 1676 1641 1792 2082 2430 2786 3009 3446 3654 4309 4952 5270 4821 4565 4351 3932 3720 3628 3633 4177 4461 4825 4847 5135 5199 5215 5207 5353 5527 5733 5715 5805 5581 5405 5539 5889 6009 5940 5512 5074 4752 4765 5061 5384 5724 5808 5471 5214 5346 5131 5257 5849 6179 6174 6164 6257 6206 6267 7968 9085 9492 9820 8898 6240 7478 8681 9012
2736 2515 2509 2735 3062 3212 3327 3160 3120 3455 2956 3239 2950 2630 2201 1767 1579 1533 1451 1550 1512 1785 2108 2401 2732 2821 3605 4307 4182 4013 3711 3469 3268 3238 3066 3357 3970 4603 4885 4942 5044 4880 4967 5023 5007 5137 5329 5620 5703 5568 5370 5429 5520 5587 5723 5603 5250 4849 4822 5050 5355 5715 5717 5378 5093 4918 4788 5113 5848 5887 6377 6697 6765 6381 6750 7886 8340 9491 9959 7443 5207 5506 7530 8447
2823 2599 2489 2699 3085 3903 4597 4029 4253 4128 3464 3300 2507 2073 1772 1705 1602 1392 1548 1440 1337 1343 1691 1821 1798 1990 2719 3051 3063 2930 2899 2690 2723 2611 3076 3115 3787 4394 4700 5043 4870 4986 5084 5124 5124 5104 5328 5314 5445 5344 5230 5073 5179 5420 5577 5444 5344 5008 4917 5077 5396 5700 5728 5378 5095 4901 4894 5148 6048 6226 6801 7326 7760 8313 7979 8712 9317 9609 10148 8535 6190 5510 6967 7961
3082 2789 2611 2750 3169 4826 5969 4710 4084 3416 3174 2992 2398 1856 1409 1510 1580 1953 1980 1681 1633 1568 1667 1625 1817 1906 2210 2181 2231 2236 2328 2569 2544 2668 2824 3263 3681 3935 4519 4906 4953 5036 5101 5165 5186 5191 5206 5238 5454 5319 4945 4880 5025 5096 5414 5328 5215 5096 4937 5018 5045 5298 5260 5318 4999 5028 4970 5448 6218 7078 7865 9078 9395 9386 9200 8655 8948 9484 10008 9610 7583 5417 6284 7300
3333 3366 2998 2729 4182 5843 6393 4491 3470 2429 2346 2201 1685 1415 1412 1670 1918 2082 2717 2536 2121 1899 1859 1696 1652 1735 1930 1796 1957 1929 2229 2447 2415 2516 2666 2814 3232 3586 4198 4825 5228 5294 5371 5419 5455 5449 5495 5606 5443 4976 4896 4802 4667 4806 4944 5088 4933 4778 4828 4833 4849 4865 4891 5210 5196 5049 5003 5476 6175 7318 8488 9165 9612 9063 8426 8139 8355 8545 9163 9038 8119 6705 6656 7429
5555 5755 4471 4329 5245 5576 5322 4098 2428 1985 1557 1375 1130 1241 1480 1625 2068 2637 3155 3071 2551 1987 1768 1706 1579 1638 1780 1877 1902 1863 2118 2195 2407 2373 2582 2793 2995 3334 3877 4487 4882 4928 4979 5034 5065 5091 5120 5269 5000 4894 4520 4404 4582 4786 4924 4766 4608 4675 4984 5027 4717 4763 5062 5058 5326 5235 5201 5303 6150 7058 8323 8792 8961 8032 7666 7496 7699 8203 8379 8349 8028 6753 6556 7192
4384 5000 5095 5005 4865 4503 5431 4782 3842 2079 1490 1025 922 1034 1504 2011 2468 2888 3085 3492 2552 2101 1986 1722 1834 1938 1950 1918 1863 1972 2082 2192 2270 2296 2433 2764 2997 3239 3781 4338 4666 4665 4701 4740 4800 4798 4842 4953 5144 4644 4222 4129 4552 4724 4543 4378 4482 4499 4815 4837 4895 4921 4925 4948 5174 5107 5080 5242 5824 6684 7586 7968 7833 7303 7006 7183 7664 7736 7938 7857 7572 6855 6522 6800
3466 3590 4251 4273 4188 3924 4667 5076 4697 3117 1639 1143 938 1063 1937 2612 2701 2799 3221 3050 2493 2166 1984 1877 1882 2222 2269 2341 2168 2251 2291 2360 2264 2440 2623 2856 3207 3486 3626 4161 4430 4465 4465 4782 4860 4618 4658 4702 4922 4389 3958 4071 4507 4660 4464 4285 4359 4395 4688 4729 4759 4776 4801 4798 4756 4753 5009 5147 5407 5813 6448 6625 6705 6602 6399 6636 7095 7503 7261 7183 7229 6471 6205 6231
2620 3090 3343 3768 3718 3605 3748 4641 4635 4227 3292 2067 1469 2535 2734 2987 2916 3132 3296 3022 2779 2268 2100 2116 2417 2649 2653 2779 2940 2823 2744 2639 2334 2554 2948 3232 3373 3653 3802 4086 4337 4393 4470 4512 4604 4259 4415 4485 4713 4135 3952 4012 4432 4556 4349 4432 4204 4222 4236 4285 4594 4601 4607 4602 4577 4866 4827 4764 4967 4988 5302 5357 5392 5311 5605 5934 6495 6925 6627 6775 6781 6080 5909 5898
1917 2445 2842 3180 3120 3165 3459 3950 4258 4191 3911 3569 3089 3435 3846 4252 3897 3311 3334 3032 2713 2106 1897 2925 3848 3844 3303 3539 3566 2998 2681 2523 2378 2604 2868 3233 3469 3771 3914 4167 4433 4526 4406 4220 3917 3997 4110 4192 4356 4085 4187 4295 4346 4439 4265 4307 4334 4332 4379 4391 4164 4426 4447 4670 4678 4679 4671 4344 4365 4312 4717 4850 4950 4715 5160 5258 5962 6550 6218 6368 6321 5673 5545 5120
1394 1958 2433 2487 2714 2960 3240 3186 3137 3705 3958 3669 3664 3925 4937 5482 6261 5834 5289 3705 2832 2808 3314 4756 5529 5398 5821 4887 3382 2860 2411 2417 2293 2400 2962 3020 3408 3770 3958 3987 4309 4376 4136 4363 4169 3953 4068 4146 4244 4305 4316 4408 4262 4063 4156 4186 4197 4405 4446 4272 4316 4312 4341 4318 4521 4511 4237 4283 4335 4342 4351 4446 4414 4581 4839 5511 6069 5936 5890 5725 5720 5433 5346 5097
828 1048 1503 1768 2024 2302 2586 2695 2623 2920 3048 3367 3682 4134 4825 5673 6400 6090 5853 5222 4342 3680 4450 5266 6250 6703 6753 4808 3701 3028 2551 2255 2251 2604 2640 3077 3329 3576 3855 4074 4178 4199 4226 4293 4464 4062 3863 3959 4045 4097 4199 4029 4123 4180 4213 4236 4265 4229 4255 4281 4299 4319 4330 4353 4342 4352 4357 4374 4395 4372 4327 4296 4241 4271 4625 5307 5933 5269 5010 5097 5148 5360 5114 4940
806 829 907 1025 1223 1338 1826 1957 2069 2202 2514 2891 3164 3731 4427 4730 5080 4854 4874 4836 4412 3998 4333 4428 4831 5154 5281 4592 3410 2745 2523 2360 2530 2865 2986 3181 3317 3441 3634 3819 3993 4118 4174 4282 4171 3945 3785 3907 3996 4035 4157 4029 4114 4174 4198 4207 4209 4221 4235 4272 4288 4295 4303 4327 4323 4317 4295 4304 4286 4205 4169 4006 3979 3919 4247 4966 5252 4660 4378 4801 5063 5002 4719 4530
858 807 756 882 918 1023 1120 1260 1536 1802 2126 2383 2820 3418 3933 4202 4501 4210 3984 3915 4087 3952 3975 3952 4119 4462 4554 4188 3608 2647 2505 2721 2850 2925 3055 3179 3268 3339 3420 3541 3709 3875 4084 3962 3725 3570 3724 3795 4074 4104 4207 4102 4002 4062 4112 4133 4174 4188 4217 4239 4251 4260 4254 4271 4266 4217 4168 4221 4460 3823 3130 3396 3442 3481 3470 3811 3898 3829 4328 4759 4905 4543 4204 4032
851 764 697 758 830 859 870 955 1190 1467 1783 2187 2647 3098 3533 3885 3838 3803 3807 3714 3777 3888 3869 3751 3871 3948 4061 3837 3368 2920 2631 2742 2810 2878 2882 3195 3296 3179 3294 3383 3482 3639 3493 3724 3598 3446 3842 3893 3920 4199 4052 4180 4024 4091 4163 4059 4086 4108 4127 4144 4181 4168 4167 4152 4115 4032 4218 4626 4894 3995 2640 2128 2687 2806 2960 3166 3441 3694 4252 4584 4253 4004 3690 4143
780 662 603 736 780 757 806 854 1024 1256 1587 2067 2479 2960 3333 3414 3570 3569 3570 3499 3607 3595 3598 3472 3550 3580 3579 3494 3228 2845 2805 2770 2775 2946 3172 3525 3395 3366 3009 3180 3330 3106 3257 3445 3593 3516 3625 3715 3735 3860 3950 3729 3865 3974 3834 3896 3923 3936 3943 3946 3951 3966 3965 3949 3937 4215 4702 5204 5391 4337 2676 1546 1603 1981 2353 2796 3203 3582 4103 3880 3674 3672 4489 5073
732 634 660 703 809 778 792 960 1028 1052 1329 1824 2318 2921 3059 3212 3248 3252 3197 3307 3291 3262 3201 3203 3278 3215 3269 3146 2917 2926 2856 2612 2765 3175 3395 3752 3662 3670 3341 3316 3056 2873 3021 3452 3327 3442 3560 3721 3605 3394 3563 3229 3428 3581 3672 3714 3738 3742 3750 3755 3761 3780 3774 3766 4057 4529 5082 5642 6202 5261 3127 1508 1250 1205 1576 2029 2590 3225 3723 3269 4006 5075 5631 6086
945 801 930 1110 1227 986 1170 1159 1245 1173 1094 1609 2217 2714 2914 2954 2963 2958 2909 2995 2965 2924 2853 2826 2945 2910 3056 2919 3050 3088 3088 2783 2932 3340 3667 3729 3837 3743 3794 3312 3109 2836 3030 3209 3297 3399 3509 3665 3569 3500 3362 3242 3355 3450 3483 3528 3525 3524 3527 3560 3573 3620 3626 3908 4206 4635 5121 6074 7173 6004 3609 1487 1091 1051 1081 1499 1944 2569 2461 3574 5551 6726 7564 8533
1168 1335 1741 1845 1825 1385 1443 1625 1727 1483 1348 1532 2207 2514 2582 2632 2612 2691 2777 2710 2635 2647 2619 2593 2618 2702 2876 2876 3051 3309 3304 3217 3147 3587 3884 3939 4007 4221 4039 3622 3179 2992 3016 3096 3355 3563 3835 3768 3705 3644 3391 3122 3051 3174 3235 3259 3426 3568 3688 3685 3538 3599 3717 4050 4289 4620 5011 5858 7263 7760 4151 1599 1131 823 754 1206 1612 2265 3651 4944 5970 7103 8155 9318
1737 2314 2854 2999 2655 2128 2095 2426 2463 2256 1791 1874 2166 2314 2362 2384 2470 2497 2672 2539 2412 2400 2449 2533 2572 2545 2663 3066 3218 3486 3453 3417 3359 3281 3837 3869 3929 4169 4230 3658 3286 3137 3291 3227 3606 3785 4038 3935 3857 3786 3567 3320 3291 3228 3335 3537 3811 3927 4057 4008 3857 3775 3942 4125 4246 4468 4907 5518 6731 7368 4337 2027 1203 871 710 1037 1159 3058 4383 5170 6224 7369 8599 9907
2697 3952 4918 4746 3248 2716 2454 2622 2484 2306 1944 1956 1919 2029 2070 2209 2376 2531 2535 2350 2137 2326 2380 2332 2294 2519 2820 3195 3363 3613 3624 3375 3008 3243 3553 3857 3933 4207 4067 3538 3310 3283 3508 3667 3825 4218 4216 4308 4186 4086 3841 3627 3630 3731 3777 3787 4080 4169 4285 4285 4132 4044 3903 4017 4024 4314 4606 5305 6519 6522 3559 1874 1250 988 859 776 1725 3180 4260 5322 6239 7508 8483 9561
4365 4323 5373 5141 3975 3192 2636 2549 2396 1994 1818 1705 1628 1731 2024 2204 2330 2493 2629 2422 2151 2196 2198 2322 2557 2598 2915 3021 3453 3703 3717 3331 3055 2910 3207 3555 3999 4065 3423 3295 3419 3560 3533 3651 3993 4177 4374 4404 4460 4378 4164 3945 3944 4033 4052 4151 4263 4248 4387 4387 4247 4094 3752 3829 3953 4238 4625 5281 6318 5309 3539 1900 1218 972 931 1241 1797 3156 4159 5089 5682 6409 7487 8780
3990 4119 4330 4731 4304 3559 2854 2547 1933 1711 1468 1366 1454 1831 2089 2215 2280 2540 2617 2503 2254 2285 2432 2542 2832 2851 2879 2944 3408 3725 3548 3430 3049 2979 3221 3571 3815 3912 3246 3383 3513 3373 3290 3288 3732 4133 4308 4563 4385 4333 4040 3750 4026 4267 4387 4360 4339 4445 4425 4435 4278 3922 3479 3698 3912 4207 4578 5171 6094 6019 3019 2080 1362 1035 1086 1361 2244 3601 4448 4627 4594 5550 6314 7892
4016 4003 4101 4192 4011 3462 3181 2094 1780 1525 1295 1340 1546 1925 2091 2309 2556 2567 2712 2795 2496 2415 2570 2715 2957 2983 2700 2771 3379 3546 3392 3303 3113 3150 3158 3584 3843 3612 3289 3322 3456 3293 2903 2869 3076 3446 4041 4357 4395 4051 3184 3279 3928 4298 4449 4380 4457 4590 4720 4500 4203 3443 2433 3086 3645 4069 4290 5096 6242 6494 3369 1792 1243 953 1003 1607 2939 3936 4444 4559 4879 5451 6487 7366
3947 3953 3993 3749 3969 3787 2955 2114 1792 1556 1494 1476 1861 2086 2331 2463 2579 2759 2988 3051 2968 2743 2827 2805 2829 2834 3008 2957 3305 3427 3307 3210 3018 3088 3467 3729 3512 3215 3284 3196 3326 3169 2845 2861 2870 3086 3525 4228 4295 3291 2999 3041 3773 4335 4593 4706 4795 5099 5213 4912 3971 2344 2143 2392 3213 3634 4017 4960 6317 5331 3075 1405 1085 890 906 1876 3091 4318 4425 4577 5479 6246 6872 7585
3746 3859 3641 3541 3865 4366 3757 2876 2170 1893 1716 1856 2014 2286 2398 2460 2421 2431 2818 3061 3265 3255 3400 3338 3595 3292 3419 3196 3462 3643 3478 3425 3287 3420 3864 3861 3527 3346 3135 3025 3166 3011 2983 2575 2636 2850 3413 3805 3922 3183 2950 3212 3786 4286 4863 5159 5433 5573 5673 5071 4162 2629 1919 1758 2229 3173 3936 4567 6368 4218 2757 1400 906 728 1019 2090 3127 4143 4949 5462 6378 6998 7479 8932
3589 3497 3251 3297 3418 4329 4189 3412 2899 2505 2312 2340 2262 2411 2424 2300 2290 2355 2529 2929 3317 3712 3923 4109 4347 4084 3676 3579 3710 3811 4001 3935 3838 4035 4048 3923 3547 3220 3114 3110 3201 3112 2960 2864 2682 2798 3180 3901 3640 2855 2469 2860 3362 3934 4824 5325 6014 6267 6291 5547 4290 2392 1496 1395 1640 2361 3645 5112 6633 4934 2554 1283 1025 779 896 2159 3519 4391 5608 6635 7821 8458 9384 10478
3523 3302 3206 3159 3319 3686 4012 3498 3100 2792 2739 2674 2591 2573 2352 2127 2172 2242 2455 2726 2907 3536 4048 4320 4817 4791 4391 3935 3870 4004 4236 4203 4172 4178 4170 4010 3716 3453 3239 3117 3100 2993 2871 2869 2630 2635 3144 3670 3203 2617 2061 2623 3131 3818 4462 5598 6151 6754 7101 8015 4103 2169 1551 1158 1531 2043 3387 4819 5425 4566 2821 1257 990 855 1097 2696 4080 5154 6647 7678 8401 9343 10461 11771
3537 3311 3118 3043 3038 3187 3073 3092 2836 2743 2650 2749 2868 2823 2454 2141 2190 2405 2642 2761 2787 2972 3542 3914 5004 5259 4878 4344 4002 4166 4462 4190 4257 3979 4029 4088 3982 3777 3434 3223 3157 2929 2506 1977 2376 2622 3420 3671 3375 2857 2250 2464 2987 3365 4486 5521 6669 8178 9041 7595 5641 2232 1754 1413 1606 2186 3646 5971 4892 3783 2659 1296 981 846 2250 3315 4413 5731 7375 8430 9258 10125 11193 12209
3666 3514 3211 2919 2848 2816 2664 2636 2563 2431 2391 2514 2909 3044 2898 2323 2291 2434 2767 2698 2673 2845 3165 3646 4824 5494 5310 4509 4459 4480 4567 4392 4275 4136 3999 4100 4212 3976 3542 3178 2959 2604 2413 2292 2397 2776 3598 3932 3737 3163 2680 2519 2871 3166 3848 5146 6436 7545 7837 7042 5334 2949 2551 2330 2479 2724 4587 6231 4435 3440 2582 1920 1209 1357 2698 3477 4407 5407 6985 8356 9262 9752 10667 11605
