Visibility/Code off linux servers/qsort_noarctan/results.asc
ncols         391
nrows         472
xllcorner     271845
yllcorner     3875415
cellsize      30
NODATA_value  -9999
[rows 148 to 184 of 472, columns 252 to 335 of 391]
12959 13644 16853 13461 11078 10004 9477 8912 8554 8513 8390 9186 8957 8851 8314 8854 8558 10040 12465 13058 13629 12815 12749 10667 8563 6730 5142 3936 3165 2747 2410 1909 1676 1621 1526 1332 1054 782 742 733 767 805 826 851 864 898 1055 1068 1000 1003 929 937 989 1080 1115 1143 1210 1281 1617 1731 2284 2832 3333 3801 4260 4925 5061 4424 3209 3080 3702 5681 8098 9507 12372 13447 11575 9692 7132 4819 4194 3840 3613 3562
14000 15749 17888 19121 15973 13053 14479 12948 13118 15164 16142 15863 17252 17925 16827 17773 22812 22478 18153 15726 15699 14767 12652 9926 7624 5867 3987 3197 2541 1414 1224 1077 1085 1159 1235 1093 973 826 743 684 697 908 888 850 802 817 798 903 953 997 972 984 1063 1096 1118 1189 1295 1510 1789 2159 2501 3059 3806 4394 4930 5483 5769 4977 3872 3395 4232 7195 8910 10811 12910 18785 19758 15354 11100 6940 5470 5196 6223 5574
16190 20451 24860 29464 29296 23014 25059 20108 20701 16790 15054 17548 16881 17482 18943 19905 21243 23856 20666 17075 15665 13936 10931 8544 6815 5069 3821 2960 2428 2123 1646 1520 1396 1310 1262 1162 1146 1088 975 926 1055 1235 1297 1192 1088 995 913 923 919 1011 1013 1076 1072 1114 1132 1191 1197 1257 1520 1950 2478 2892 3717 4763 5567 6268 7162 7610 6187 5192 5194 8561 10834 12961 15366 15550 16754 16618 14502 13370 13652 14859 13772 10766
21302 25038 28453 27468 26548 25058 24700 22883 22345 21846 19925 18939 18821 18306 19425 21042 22528 22999 20963 15917 15128 11684 9390 7571 6093 4954 4143 3291 2985 2578 2246 2078 1885 1701 1474 1389 1350 1272 1204 1254 1439 1559 1607 1414 1239 1158 1020 1031 1030 1039 1090 1107 1092 1129 1134 1207 1351 1383 1554 1799 2217 2972 3827 4939 6207 7062 8001 8564 8540 8694 8738 11007 12573 13643 13425 13736 13703 13239 12658 12719 13159 14135 13771 13538
25195 27877 28047 27384 26115 25136 24397 23790 23563 23305 22454 21191 19927 18491 19917 21324 22654 23512 19944 14094 12023 9514 8517 6823 5829 4994 4245 3701 3404 3258 2993 2901 2569 2309 2013 1784 1783 1625 1535 1598 1852 1986 1942 1701 1522 1391 1225 1177 1129 1106 1061 1074 1050 1121 1180 1402 1637 1556 1601 1872 2363 3413 4546 5612 6357 7257 7637 8363 10853 10877 10894 11115 11112 11126 11509 11986 11914 11953 11626 11923 12233 12130 11655 11301
26245 27199 27088 26307 24897 24131 23988 23648 23653 23483 23147 22261 20965 19700 19549 21466 22606 23325 19823 13968 9682 9096 7736 6758 5526 4946 4651 4284 4030 3905 3699 3690 3412 3024 2808 2803 2633 2586 2390 2356 2569 2700 2593 2364 1990 1796 1545 1318 1195 1149 1028 954 949 1069 1496 1933 2050 1657 1556 1800 2508 3605 4968 6126 6872 7490 8698 9256 9239 9067 8826 9122 9386 9688 10241 10629 10651 10381 10477 10780 11092 10936 10717 10107
26027 26086 25491 24777 23601 22829 23097 22963 22992 23207 22929 22424 20952 19015 20175 21225 22271 22531 20720 12274 9890 9444 8587 6977 6124 6113 5482 4905 4792 4628 4565 4446 4223 3807 3588 3533 3498 3512 3525 3412 3670 3888 3903 3502 2941 2280 1816 1418 1173 1055 903 898 1011 1203 2392 2792 2497 1842 1720 1817 2542 3792 5270 6682 7367 8527 8302 7350 7260 7431 7621 7485 7882 8233 8919 9098 9445 9228 9593 9942 10216 9721 9478 9199
25167 24650 24011 23528 22537 21703 21697 21985 22034 21730 21591 22180 21283 20311 19042 20645 21596 21588 22522 18657 13316 10910 10535 9726 9501 9202 8415 7781 7614 7038 7309 7434 7191 6413 4746 4989 5110 5103 4679 4492 5668 6849 6628 5117 3952 2828 1859 1279 1051 873 767 759 931 1747 3493 4026 3540 2291 1981 1985 2509 3883 5265 6584 7217 8181 6706 5298 5060 5332 5561 5616 6093 6838 7265 7762 7821 8189 8547 8915 8837 8622 8414 8139
24144 23723 22901 22113 21206 20290 20069 20437 20521 20026 20377 21349 21691 20906 19804 20249 20611 21302 21584 23111 22895 16740 15224 14900 14408 13671 12665 12306 11927 11395 11320 10684 9896 9604 9652 10124 10500 9997 9891 9950 10228 10246 9088 6637 4561 2445 1606 1150 965 867 740 803 1022 2096 4130 4881 4312 3041 2387 2009 2623 3806 5221 6316 7282 7781 6102 4462 3655 3379 3713 4018 4429 5434 5832 6402 6717 7050 7312 7944 7832 7639 6734 6357
23166 22487 21837 20546 19646 19172 18787 19076 19282 19380 19657 20414 21502 21650 19867 18515 19797 20890 21365 21436 24506 20648 18013 15333 14010 14621 14506 13843 13171 12186 11481 10758 9696 6945 6758 6943 7150 7121 7122 7270 7501 7333 8302 7449 5570 2182 1525 1125 926 865 945 1053 1598 2797 4505 5825 5033 3816 2904 2470 2957 4087 5264 5905 6770 7298 5459 3865 3071 2738 2692 2679 3236 4053 4495 4864 5575 5827 6366 6930 7087 7214 5872 5441
22073 21521 20739 19271 18368 17911 17809 17835 17831 18391 19393 20259 20917 21227 21973 21070 18944 19696 20509 20828 20424 17834 14501 12146 11809 11073 10489 9893 9281 8732 7963 7349 6655 6061 5697 5948 6165 6144 6242 6330 6450 6410 5999 6817 6491 3046 1722 1273 1048 1074 1242 1663 2515 4060 5010 6248 5087 4161 3481 3476 3814 4499 5084 5713 6369 6637 5087 3772 3095 2497 2292 2236 2381 2882 3326 3613 4405 5003 5488 5966 6627 7181 6762 4839
20703 20673 20041 18502 17487 17022 16646 16683 16894 17667 18667 19275 20090 21179 22429 22047 19083 15347 18030 18590 18021 14655 12603 11387 10395 9648 9041 8386 7853 7447 6695 6167 5509 4835 4614 4737 5000 5169 5316 5392 5430 5473 5533 5676 6975 5858 2340 1690 1449 1482 2013 2939 4315 5010 6288 5920 5225 4718 4690 4488 4406 4725 5121 5302 6125 6391 4731 3676 3215 2635 2162 1967 1975 2286 2617 3061 3317 3930 4660 5396 5948 6320 5549 4011
19436 19622 19191 17964 16699 16233 15583 15435 15847 16566 17677 18790 19690 20404 21949 22582 21090 18685 15423 14669 12267 11214 10286 9464 8793 7790 7400 7223 6857 6460 6032 5470 4799 4154 3885 3939 4035 4038 4364 4687 4729 4874 5266 5351 6563 7096 5109 2532 2288 2417 4188 5114 5767 6756 7713 6596 5827 5580 5834 5290 5024 5150 5619 5967 6304 6260 4955 4004 3470 2844 2336 1937 1894 1754 1800 2055 2563 2904 3632 4640 4934 6000 5977 3382
16546 18328 18361 17230 15889 14687 13681 14009 14424 15201 16354 17504 18496 19610 20673 21699 21615 20166 16758 12231 11056 9878 9069 8221 7577 6886 6428 6267 6073 5956 5705 5189 4285 3394 3149 3425 3336 3444 3693 4103 4243 4457 4753 5021 5697 7092 7088 6535 5215 5461 6433 7203 7637 9039 8929 7157 6317 6338 6676 6619 6276 6275 6338 6605 6621 6486 5627 4775 3878 3229 2532 2070 1915 1704 1647 1695 1775 1821 2432 3437 4759 6586 7122 6498
13326 15948 17531 16157 13798 10356 9574 10856 12089 13523 14655 15948 16981 18288 19039 20042 21341 21026 19316 12622 10414 8710 7971 7050 6284 5815 5431 5342 5222 5527 5598 5023 4292 3347 2766 2890 2813 2827 3245 3587 3874 4008 4247 4737 5374 6167 6492 7465 7833 7518 8250 8602 9594 10881 10897 7791 7175 7476 7404 7381 7232 7509 7435 7207 6856 6384 5855 4522 3942 3335 3002 2598 2292 1698 1670 1697 1723 1801 2442 3083 5602 6721 6975 7137
11483 14147 16777 15901 12249 9057 7596 8659 9859 11130 12917 14139 15000 16210 16975 18294 20677 21330 20614 14113 10727 8479 6920 6227 5450 5083 4783 4667 4779 5019 5171 4811 4193 3624 3177 2745 2416 2352 2713 3042 3302 3625 3790 4548 5177 5835 6163 6818 7458 8304 8961 9466 10255 10828 12478 12607 12236 12875 11449 10525 9683 8998 8919 8253 7955 7844 6518 4958 4062 3496 3125 2907 2661 2334 2153 2050 1868 1804 2074 2988 5038 6328 6595 6930
10814 13390 16460 15849 11673 9682 8188 7700 9152 9790 11146 12754 13796 14809 15944 17677 20054 21088 21218 16192 11472 8593 6949 6315 5682 5162 4376 4062 4180 4367 4488 4369 4072 3779 3299 2751 2327 2053 1934 2464 2696 2971 3362 4122 4981 5384 5958 6495 7246 8221 9122 10184 11181 12202 13389 14601 14714 15715 16669 17779 18225 12821 11164 11922 11047 8572 7392 6366 4598 3805 3474 3127 2887 2807 2779 2620 3202 2553 3158 3517 4488 4597 5967 6543
9494 12794 15813 14290 10217 8701 8679 8290 8762 9122 9750 11246 12612 13817 15183 16959 18616 20035 20266 20020 12332 8363 6611 6183 5666 4868 4233 3559 3396 3704 3800 3846 3603 3560 3198 2650 2219 1624 1473 1796 2016 2216 2791 3392 4386 5091 5639 5912 6596 7795 9165 10161 11072 12156 13053 13322 14926 16135 17010 18044 21386 23912 23439 15424 13309 10042 7992 6039 4084 3542 3261 2957 2742 2619 2520 2801 3536 4085 4853 5626 4885 3814 4937 6235
9857 13874 14649 10299 8659 7827 8295 8517 8704 8782 9363 10311 11959 13251 14383 15516 16988 18870 19283 19499 11235 7374 6313 6371 5218 4709 3867 3084 2743 2839 2737 2761 2951 3035 2865 2528 2096 1608 1492 1531 1679 1866 2454 3119 4165 4939 4940 5280 6053 7432 8802 10372 11590 11825 12122 12693 13840 15096 16438 17761 20098 21192 23407 20674 13659 10601 7087 4776 3498 3016 2786 2469 2557 2313 2178 2527 3135 4254 5121 6029 6153 4620 4768 5825
10732 15696 13300 8997 7525 6789 6668 7890 8090 8181 8721 10009 11622 12629 13813 15048 16385 17406 18003 18011 11982 8038 6549 5932 4775 4095 3290 2709 2430 2402 2298 2257 2308 2326 2554 2283 2012 1707 1474 1370 1439 1721 2269 3171 4397 4708 4463 4446 5676 6917 8776 10064 10866 11205 11534 12113 13078 14275 15852 17963 19707 20256 20092 19371 17098 10218 6158 3890 3163 2837 2462 2282 2326 2551 2170 2308 2347 3770 4924 5908 6024 5234 5021 5515
14153 16222 13284 8845 7225 6487 6053 7064 7456 7486 8036 9425 10871 12023 13261 14555 15556 16039 17262 19781 16080 9260 7130 5770 4634 3530 2913 2502 2080 2266 2148 2120 1978 2071 2168 2131 2029 1804 1526 1322 1401 1696 2422 3674 4213 4247 3990 3928 5125 6503 8214 9389 10156 10388 10788 11576 12541 14001 15608 16852 18641 19154 18976 18424 17058 11828 5815 4274 3729 3161 2817 3249 3290 3174 2922 2645 2446 2592 3863 5557 5682 5448 5149 5643
15737 16344 13605 8983 7170 6680 6102 6212 6528 6558 7309 8601 10019 11611 12973 14107 14989 15565 16191 17207 20118 13043 8648 5984 5011 3580 3062 2486 2076 2314 2148 2014 1928 2034 2075 1984 1876 1685 1412 1294 1408 1629 2329 3279 3504 3517 3265 3434 4533 6182 7783 8818 9207 9443 9952 10823 11877 13676 14856 16138 17453 17935 17767 17269 16741 15924 9544 6295 5103 4529 4761 4716 4363 4138 3627 3378 3267 3364 3677 4063 5022 4971 5381 6073
15722 15482 13520 10517 8197 7260 6560 6004 5887 5733 6304 7398 9228 11090 12398 13502 14067 14917 16021 17537 19732 14500 10119 7636 6155 4035 3254 2806 2524 2378 2251 2061 2088 2023 1995 1967 1864 1688 1543 1406 1401 1749 2202 2563 2727 2738 2697 3025 3983 5365 6716 7554 8010 8209 9199 10182 11515 12864 14099 14902 15775 16441 16486 15985 15764 15725 15052 12012 7767 7125 6417 5311 4960 4412 4026 3793 4246 4061 4256 4367 4436 5027 5872 6670
15232 14113 12586 10236 8492 7542 6798 5661 5316 5455 5918 7460 9410 10993 12103 12919 13491 14531 15433 16871 19084 18125 10267 7158 6219 4881 4351 3033 3141 3153 2899 2358 2301 2152 2166 1999 1935 1811 1648 1545 1533 1764 1990 2372 2470 2615 2718 2770 3288 4566 5582 6449 6966 7482 8534 9654 11124 12515 13220 13352 13994 14498 14647 14465 14467 15569 16664 16896 16344 11712 8162 6334 5378 4750 4043 4216 4336 4290 3915 3878 4706 5661 6601 7533
14000 12755 11431 9958 8230 7462 6985 6675 6128 6176 6598 8019 9908 11367 11777 12276 12870 13862 14934 16178 17157 18625 10566 7728 6462 4952 4269 4612 4685 3971 3664 2898 2671 2358 2250 2137 2036 1955 1772 1680 1649 1802 1911 2042 2257 2408 2501 2706 3124 3862 4656 5306 5861 6752 8134 9705 10770 11605 11825 11808 12108 12521 12902 13162 13672 15142 15892 16220 17304 16321 10969 7269 6179 5409 4735 4700 3902 3893 3346 4188 5260 6507 7516 8260
12644 11598 10452 9367 8195 7581 7662 7108 6729 6580 7031 8577 10048 10904 11124 11246 11931 12979 14284 15808 16756 18361 11006 7188 5852 5074 4520 5090 5189 5228 5044 3707 3031 2462 2438 2323 2152 2009 1872 1737 1671 1816 1847 1956 1994 2227 2288 2324 2783 3414 4051 4225 4625 5921 7706 9188 10035 10260 10294 9999 10297 10888 11676 11969 13419 15005 15626 15815 15681 15946 14722 9165 7691 6396 4849 4338 3604 3116 3603 4749 6411 7457 8207 8642
11418 10218 9174 8455 7721 7277 7226 6935 6727 6569 6891 8005 9249 9863 10308 10567 11294 12185 13569 14456 15158 16946 10118 7455 5997 4688 4137 4221 5031 5126 4411 3460 2911 2638 2576 2542 2372 2235 2002 1881 1783 1947 1930 1977 2034 2102 2109 2227 2626 3424 3704 3804 4181 5082 6613 7958 8598 8855 8568 8680 9193 9633 10648 11574 13468 14697 14854 14785 14904 14668 14523 10385 7892 6191 4513 3641 3381 2831 4169 6092 7377 8156 8520 8769
10253 9150 8093 7653 6913 6628 6538 6562 6496 6292 6560 7472 8607 8893 9271 9954 11037 12246 13300 14570 14529 15920 12360 7993 6380 5080 4228 3534 4134 3777 3531 2787 2476 2507 2545 2569 2505 2382 2245 2041 2017 2077 2056 2075 2055 2020 2086 2293 2907 3491 3682 3627 3885 4653 5898 6679 7096 7168 7239 7957 8640 9473 10484 11871 13215 13875 14093 13840 13985 13703 13195 12078 9275 6265 4626 3543 3025 3425 5318 7030 7977 8366 8627 8867
9010 8273 7256 6492 5959 5679 5940 6101 6203 6215 6367 6603 7441 8127 8869 10009 11206 12495 13570 14710 16280 18927 18492 9581 7728 5705 4834 4289 3802 3157 2701 2284 2274 2197 2313 2468 2483 2453 2322 2251 2250 2207 2136 2116 2190 2197 2167 2450 3148 3559 3777 3772 3940 4577 4991 5387 5829 5967 6488 7303 8427 9103 10393 11773 12701 13142 13115 12933 12771 12587 12111 11316 10290 7011 5004 3911 3479 4033 6113 7575 8160 8442 8666 8927
7859 7041 6235 5478 4488 4592 5089 5609 5887 5956 5913 6099 6933 7605 8476 9611 10908 12013 13464 14761 15708 16831 19575 16062 9286 7051 5721 4853 3993 3101 2597 2366 2206 2201 2143 2223 2305 2384 2326 2367 2379 2257 2195 2213 2210 2409 2517 2646 3033 3242 3460 3641 3811 4051 4355 4606 4975 5506 6090 7022 7999 8866 9740 10902 11574 12001 12010 11787 11480 11184 10814 10414 9617 7743 5889 4504 3924 4378 6674 7891 8237 8500 8742 8967
7069 6387 5285 4062 3697 3635 4273 5108 5587 5522 5493 5693 6304 7084 7986 9003 10399 11298 12452 13692 14951 16346 18981 17731 12970 10678 8537 7303 5504 3207 2705 2443 2261 2288 2306 2309 2237 2219 2278 2237 2361 2367 2340 2249 2463 2703 2705 2741 2805 3029 3083 3277 3496 3652 3865 4440 4720 4823 5338 6309 7468 8159 8748 9850 10616 10743 10614 10585 10170 9964 9791 9675 9171 8250 7832 5017 4610 4680 7099 7964 8258 8558 8811 9031
6576 6478 4864 4116 3401 3198 3633 4459 4950 4906 4837 5335 5870 6832 7492 8579 9915 10924 12066 13624 15047 16206 16396 17623 16559 13574 10054 8025 6890 3960 2693 2476 2428 2492 2652 2552 2513 2322 2144 2344 2466 2558 2501 2542 2771 2876 2808 2759 2811 2780 2815 3062 3297 3354 3531 3961 4219 4280 5085 5706 6711 7420 7701 8374 8859 9400 9136 9300 9124 9250 9339 9213 9088 8415 8317 7400 5669 5595 7513 8078 8397 8675 8897 9072
6574 7286 5959 4192 3551 3133 3187 3754 4205 4332 4428 4890 5439 6386 7217 8210 9714 10649 11643 13287 14444 15363 15449 15001 14083 14009 11687 10260 7955 5091 4757 3946 3707 3538 3444 3198 2874 2664 2464 2580 2698 2688 2784 2888 2968 3037 2910 2726 2716 2744 2686 2935 3034 3125 3397 3457 3608 3830 4428 5292 5893 6170 6795 6756 7232 7672 8108 8203 8701 8827 8973 8671 8551 8395 7986 8178 7491 6512 7765 8170 8513 8803 8983 9077
6451 7298 6577 4720 3896 3344 3065 3042 3587 3722 3782 4147 4987 5942 6696 8356 9324 10361 11231 12659 13703 14282 14476 13620 12787 11882 10434 10105 9456 8036 7495 5111 4620 3998 3858 3548 3165 2924 2775 2734 2936 2967 2995 2981 2941 2880 2820 2779 2741 2741 2671 2832 2996 2956 3086 3240 3353 3555 3980 4617 5074 5301 5652 5685 6054 6938 7349 7809 8216 8313 8451 8188 7695 7778 7952 8174 7954 7746 7912 8258 8585 8875 9040 8841
6494 7120 6604 5355 4345 3712 3208 2937 3165 3283 3361 3724 4556 5247 6445 8065 8707 9543 10524 11639 12616 13193 13048 12198 11572 10828 9967 9646 9335 10194 9358 8384 6104 4949 4496 4038 3627 3166 2996 3191 3265 3177 3096 2967 2811 2740 2772 3020 2988 2952 2818 2899 2951 2997 3086 3236 3424 3562 3859 4159 4568 4972 5034 5130 5395 6134 6828 7533 7682 7790 7939 7677 7640 7309 7048 6804 7114 7570 7947 8303 8670 8878 8973 9361
5814 6581 6583 5970 4896 4010 3439 3111 3176 3248 3300 3238 3847 4626 6342 7277 8092 9119 9778 10977 11994 12299 11780 11048 10416 9965 9560 9527 9937 10592 11394 10642 9430 6320 5381 4651 4111 3572 3369 3597 3519 3336 3114 3000 2867 2760 2928 3196 3195 3041 2932 3084 3206 3225 3380 3511 3496 3610 3885 4071 4295 4517 4725 4534 4673 5618 6333 7020 7402 7373 7892 7547 7933 7222 6525 6105 7090 7667 8047 8356 8633 8810 8837 9226
5377 5892 6068 6040 4997 4447 3731 3428 3523 3421 3220 3195 3601 4989 6178 6719 7279 7936 8900 10182 11173 11299 10828 10178 9543 9262 9032 8947 9581 10355 11581 13148 11252 9550 6691 5551 4896 4145 4152 4103 3964 3696 3474 3224 3137 3105 3116 3493 3354 3175 3116 3269 3529 3625 3790 3827 3739 3812 3913 3876 3963 4289 4384 4400 4613 5119 5814 6487 6838 7384 7858 8054 8097 7985 7058 6717 7291 7738 8107 8421 8644 8814 8778 9115
