Visibility/Code off linux servers/qsort_noarctan/results.asc
ncols         391
nrows         472
xllcorner     271845
yllcorner     3875415
cellsize      30
NODATA_value  -9999
[rows 333 to 369 of 472, columns 84 to 167 of 391]
1985 2101 2286 2786 10232 12292 11228 10002 9825 11112 13894 15065 15683 15056 14341 13435 12753 12061 11333 10694 10251 8598 8125 5948 5656 5954 6940 12035 14015 14548 14838 13929 12857 12665 12538 12652 12772 12676 12539 12261 11686 10835 8520 11193 13430 13808 13953 12828 11912 8660 8455 11995 14588 15182 15010 13968 12810 11996 11131 10340 9437 8561 7773 7151 6552 5909 5722 5172 5334 5806 6347 6884 7241 7489 7792 11349 13908 17780 19497 19639 19573 19293 18969 18663
1963 2299 2900 2743 5080 9575 7534 4740 2510 5948 12692 14801 15551 15277 14541 13662 12902 12181 11393 10849 10263 8615 5133 5390 5961 6357 10121 14156 15274 15589 15645 14489 13469 12675 12673 12878 13146 12949 12933 12610 11903 9843 7924 10221 13675 14500 14591 13339 12219 9098 8546 10274 14421 15393 15456 14660 13720 12651 11701 10761 9827 8945 8121 7434 6852 6042 5391 4970 5421 5853 6468 6845 7173 7524 7941 8725 14285 18710 20547 20359 20138 19968 19384 18901
2041 2366 2869 3309 3712 4941 2644 1423 1223 1165 9943 14016 15260 15471 14775 13861 12970 12252 11461 10934 9394 7916 5505 5767 6159 6564 11636 15285 15963 16475 16008 15287 14384 13726 13128 13344 13431 13392 13150 12518 11619 8066 7898 10449 13956 14992 14515 13804 12273 9670 9191 12101 14722 15930 15919 15216 14479 13229 12418 11407 10642 9734 8614 7808 6942 6174 5694 5033 5383 5928 6404 6784 7076 7429 8075 8985 14814 18978 20830 20282 20111 19167 18184 16935
1865 2670 3300 3143 2701 3226 1777 1287 1237 1123 1589 11803 14686 15504 14985 14126 13202 12329 11629 11029 9456 7753 5931 6125 6176 6566 12380 15843 16669 17105 16619 15711 15001 14110 13806 13656 13898 13812 13431 12557 10631 8383 8204 12123 14775 15761 15113 14355 12944 11231 9337 11108 14413 16360 16471 15952 15358 14300 13114 11879 11123 10337 9295 8218 7521 6457 5956 5323 5664 6062 6471 6661 7012 7636 8318 8865 14438 18670 20944 19600 18784 18334 16582 13321
2198 2676 2954 2666 2361 2053 1560 1288 1183 1037 963 8226 13542 15156 15084 14180 13323 12519 11774 10994 9834 8908 6510 6457 6027 6383 11691 16056 17200 17332 17298 16309 15360 14674 14071 14029 14259 14171 13576 12748 11411 8909 9615 13326 15641 16529 15591 15004 13616 12559 10305 11700 14695 16565 17192 16853 16108 15163 13709 12555 11740 11041 9939 8791 8006 6849 6555 6297 5859 6140 6485 6687 7210 7828 8405 8825 9073 11602 18198 16081 13006 12192 9558 4882
2316 2773 2639 2061 1832 1748 1438 1171 1050 1026 956 6006 13354 15206 15181 14217 13537 12697 12150 11396 10450 9804 7056 6451 5657 5940 9787 16022 17434 17833 17866 16891 15817 15175 14705 14385 14389 14426 13871 13214 11981 9770 11392 14874 16758 16787 16412 15561 14367 12859 10497 11857 15514 16768 17592 17485 16997 15692 14291 13287 12390 11518 10478 9391 8503 7271 6979 6918 6038 6242 6467 6885 7426 7963 8171 8503 8520 6962 11453 5220 3997 3632 3505 3262
2218 2509 2165 1761 1420 1118 918 900 880 972 957 1750 13527 15278 15484 14552 13822 12918 12280 11370 11164 10856 9662 6653 3943 4080 7493 15653 17677 18178 18079 17360 16490 15622 15214 15093 14943 14546 13978 13228 12452 11521 13134 16660 17808 17445 17046 16309 15373 14021 11019 12058 15010 17232 17952 18277 17805 16541 15349 14162 12937 12051 10909 9825 8957 7694 7350 7093 6599 6235 6520 6849 7149 7431 7750 7491 6476 5370 4183 3618 3483 3435 3256 3169
2064 2532 2006 1388 962 735 593 534 627 843 1141 1135 11348 14960 15575 15015 14292 13353 12144 11772 12106 11671 10351 6929 5878 4068 7528 14875 17750 18391 18601 17817 17086 16455 15832 15489 15276 14640 13829 13204 11520 11885 15202 17591 18118 17942 17591 16952 16260 14837 13803 12590 15306 17678 18420 18543 18232 17455 16152 14716 13644 12672 11474 10222 9272 8028 7329 7053 6602 6278 6224 6480 6844 7195 6360 6222 5029 4022 3716 3325 3287 3163 3081 3051
2070 2173 1708 1191 536 471 400 367 482 802 1179 1298 2406 13569 15344 15382 14730 13804 12566 12504 12854 12386 10811 7229 6682 4103 7597 13985 17882 18592 18905 18489 17711 17114 16398 15816 15445 14949 13933 12882 10703 13589 17858 18960 18808 18514 18147 17565 16980 15615 14042 12769 15113 17075 18819 19052 18985 18179 17005 15866 14382 13166 11853 10583 9622 8189 7367 6699 5975 5928 5849 6060 6211 5416 5410 4925 3927 3534 3360 3243 3150 2963 2923 2964
2435 2203 1367 730 517 484 423 400 514 862 1265 1326 1338 5124 14010 15465 15265 14616 14145 13788 13790 13406 12144 10278 7336 6495 8623 15311 18003 18840 19277 19143 18336 17643 16925 16097 15455 14496 13702 11987 11202 13765 18602 19848 19400 18978 18657 18134 17343 15915 14231 14238 14472 17454 18571 19245 19495 18570 17344 16003 14736 13558 12353 11094 9924 8234 7142 6442 6278 5957 5758 5480 4828 4945 4645 3875 3285 3221 3194 2998 2961 2809 2846 2877
2378 2307 1596 922 610 550 516 507 696 1039 1345 1387 1201 1230 8376 15153 15689 15500 15289 15027 14890 14804 13873 11883 8123 7552 10252 16749 18451 19050 19446 19441 18924 18173 17156 16265 14969 13868 11859 11018 11415 12451 18838 19863 19805 19460 19011 18683 18088 16448 15172 13091 14188 17290 18539 19667 19619 18897 17590 16335 15074 14076 13051 11273 9836 8314 7187 6687 6364 5894 5490 5440 4444 4320 3582 3295 3116 3061 3102 2814 2818 2751 2769 2697
2368 2301 2021 1397 958 801 730 926 1461 1583 1581 1662 1619 1382 2222 9016 14718 15089 15352 15556 16099 15883 15115 13500 9944 8476 10404 15811 18356 18740 19201 19409 18740 18164 17066 15598 12472 9072 8599 8961 10199 12801 19499 19982 20165 20011 19559 19087 18525 17082 15379 13219 14312 15992 18197 19651 19771 19171 17695 16477 15245 14109 12680 11143 9849 8215 7214 6585 5626 4903 4507 3898 3784 3466 3158 2992 2884 2905 2883 2741 2628 2651 2653 2571
2181 2282 2389 2181 1693 1313 1436 1652 2041 1806 1870 2081 1951 1925 2042 3041 9763 13948 14446 15243 16625 16795 16262 15058 13208 10083 14219 15972 18489 18875 19331 19348 18950 18118 16850 15071 12337 9131 8659 6342 9404 12876 19946 20870 20796 20635 20098 19701 18969 17917 16272 14679 14967 15673 17103 18995 18803 18392 17093 15896 14658 13760 12129 10440 9164 7219 6356 6132 4925 3955 3217 3442 3324 3109 2918 2720 2847 2725 2627 2531 2453 2450 2465 2478
1845 2121 2443 2893 2867 2387 2189 2148 2174 1898 1999 2327 2578 2375 2408 2584 3381 7157 11010 12635 15268 17587 17376 16930 16257 17695 19311 20413 20898 21003 21095 20737 20566 19805 18756 17230 16271 14845 15102 16337 17106 20311 21890 21917 21619 21325 20483 20044 19399 18036 16566 14113 14343 13716 15633 15652 16885 16821 15824 14725 13515 11466 10925 9284 6689 5204 4384 3009 2282 2512 2797 2769 2820 2756 2578 2596 2505 2461 2454 2399 2313 2291 2315 2327
1734 2030 2545 3076 2974 2661 2284 2244 2247 1955 2148 2405 2818 3114 3222 3038 3316 3612 3259 3875 8112 14332 16709 17095 17371 19172 20742 21999 22538 22609 22424 22451 21835 21496 20801 20297 19966 20104 20500 21114 22041 23005 23197 22669 22204 21528 20839 20165 19620 18681 17220 15095 15202 10309 11022 12539 11881 13190 13365 12272 11197 9489 8294 6469 4383 3428 2615 2132 1980 2005 2105 2273 2452 2373 2382 2428 2341 2288 2341 2281 2232 2200 2194 2106
1573 1987 2559 2988 2937 2733 2385 2264 2220 2167 2303 2744 3155 3301 3279 3218 3277 3368 3346 3389 3179 4360 10818 12800 14613 16153 18436 21588 22870 23485 23653 23184 22730 22255 21940 21325 20925 21041 21230 22284 22804 23679 24090 23106 22737 22163 20911 20396 19622 18993 17886 16503 15729 10703 5627 5197 6416 8378 9636 8873 7673 5831 5541 4199 2357 2026 1935 1863 1707 1748 1956 2071 2272 2201 2223 2210 2160 2183 2157 2156 2100 2037 2030 1953
1469 1877 2374 2806 2868 2638 2355 2194 2226 2331 2501 2864 3118 3158 3115 3085 3192 3194 3221 3241 3076 3482 4987 5911 8688 10302 10289 16094 20811 22779 23928 23505 23191 22922 22482 21603 20677 21084 21279 22008 22915 23637 24432 23561 23067 22260 21390 20754 20025 19411 18841 17391 15878 12762 5941 4377 5484 4741 4059 3011 2999 2010 1957 1905 1827 1781 1741 1692 1573 1584 1681 1944 2122 2051 2027 2007 2074 1987 2017 2011 1942 1858 1865 1830
1228 1719 2196 2643 2670 2488 2221 2106 2134 2305 2522 2794 2939 2887 2841 2886 2888 3035 3180 3197 3318 3584 3973 4854 5164 5276 5245 4700 4681 14765 22767 22611 22904 22997 22570 21416 21050 21452 21344 21635 22458 23530 24866 23480 23394 22308 21596 20989 20421 19973 19216 18725 15226 11355 7964 5526 4812 4060 3261 2357 1896 1874 1789 1673 1694 1590 1656 1610 1556 1571 1528 1723 1905 1849 1913 1908 1850 1833 1837 1778 1880 1849 1726 1727
941 1518 2158 2489 2483 2353 2079 2015 2038 2239 2445 2639 2757 2767 2662 2651 2708 2837 2996 3114 3241 3383 3562 3878 3714 3373 3057 2898 2834 2833 10346 18318 20646 21470 21361 20923 21102 21295 21510 21864 22689 23902 25052 23813 23491 22556 21845 21319 21053 20031 19472 18502 14340 10351 5609 4864 4071 3309 2528 1845 1810 1770 1625 1575 1550 1531 1584 1598 1482 1561 1517 1606 1654 1760 1788 1662 1686 1659 1561 1714 1798 1726 1699 1650
772 1225 1907 2276 2288 2181 1964 1878 1930 2123 2380 2551 2641 2577 2529 2456 2528 2751 2951 3081 3177 3390 3438 3324 3046 2489 2211 2067 2044 2005 2033 2251 10139 16372 18740 20223 20461 21608 21814 22203 23042 24129 25324 23578 23225 22789 22199 22168 21286 21103 19926 16693 13120 8392 4988 3799 3150 2449 1874 1748 1624 1617 1540 1502 1406 1477 1518 1535 1484 1507 1521 1562 1583 1633 1643 1551 1512 1447 1380 1654 1796 1722 1739 1749
760 1021 1731 2066 2146 2069 1928 1801 1853 2029 2255 2428 2556 2477 2377 2343 2410 2597 2776 2951 3089 3246 3347 3015 2417 2023 1874 1688 1623 1601 1593 1604 1965 2759 9196 15471 18603 19843 21588 23075 23228 24214 25198 23611 23342 22985 22715 22605 21733 20293 17763 15137 11822 6165 4135 3127 2210 1743 1690 1649 1543 1472 1474 1352 1344 1392 1444 1466 1474 1443 1504 1487 1552 1522 1501 1400 1436 1544 1491 1677 1826 1951 2024 1876
708 807 1437 1800 1943 1917 1814 1729 1721 1880 2121 2308 2404 2367 2306 2231 2294 2467 2610 2783 2985 3093 3109 2751 2114 1752 1565 1512 1417 1418 1341 1416 1696 2345 4114 5996 13774 18233 21560 22576 23347 23375 23825 24331 23614 23669 23317 22145 21088 18480 16184 14093 8414 5010 3301 2193 1551 1490 1563 1491 1448 1366 1315 1263 1271 1344 1392 1440 1447 1461 1458 1484 1432 1426 1417 1600 1510 1556 1628 1873 2126 2301 2259 2194
731 737 1122 1578 1737 1738 1689 1579 1516 1672 1947 2151 2294 2299 2225 2203 2223 2320 2470 2619 2781 2946 2854 2464 1840 1459 1397 1382 1341 1284 1307 1302 1451 1919 2737 5336 9966 15585 19882 21532 22996 22600 22736 23381 24178 23479 22860 21705 19290 17110 15148 11891 8087 4507 2738 1828 1332 1278 1867 1980 1921 1817 1574 1239 1287 1273 1346 1395 1434 1441 1435 1387 1480 1632 1698 1686 1697 1770 1962 2245 2562 2663 2547 2456
756 725 798 1293 1490 1532 1517 1473 1403 1490 1785 1960 2073 2155 2120 2094 2131 2240 2342 2444 2550 2657 2652 2274 1630 1336 1330 1218 1318 1328 1140 1146 1263 1517 3024 4222 5810 13296 18174 21433 23487 23220 22490 22914 23771 24788 23116 19977 18097 16192 13109 11199 9048 6966 5227 3136 1634 1658 2418 2200 1964 1713 1937 1366 1451 1363 1375 1359 1393 1396 1338 1328 1707 1856 1755 1833 2020 2243 2541 2740 2974 2933 2818 2687
799 702 668 894 1246 1354 1358 1335 1080 1056 1326 1613 1780 2001 1971 1998 2022 2116 2243 2283 2366 2350 2416 2119 1644 1515 1373 1289 1327 1249 1311 1233 1291 1589 3093 4325 5192 5942 15808 19511 22689 22976 22528 23181 23675 23801 23581 19287 17080 15046 12960 11221 9668 7501 6351 5002 4522 3274 2831 2494 2241 1799 1985 1447 1288 1369 1405 1359 1383 1356 1319 1502 1841 2026 2051 2161 2475 2687 3050 3303 3391 3383 3054 2964
811 745 699 673 863 1104 1155 1016 922 917 1102 1450 1661 1788 1869 1929 1984 1926 1908 2005 2089 2154 2059 1997 1874 1769 1567 1302 1329 1307 1468 1384 1420 2050 3448 4250 4721 5302 12808 17478 21285 22030 22786 23778 23161 21341 20734 18655 17067 14533 13465 12063 9995 7952 6291 5349 4387 3607 3123 2812 2608 2342 2097 1756 1303 1369 1446 1350 1342 1341 1391 1337 1676 2098 2183 2631 2920 3382 3691 3869 3860 3626 3332 3340
844 766 703 654 613 679 896 903 769 740 990 1556 1697 1763 1785 1886 1890 1940 1938 1950 2034 2088 2124 2127 2098 1976 1739 1448 1422 1413 1628 1581 1848 3080 3841 4370 4274 4824 8622 17421 20946 21283 22453 22256 20941 19658 19037 17337 15837 14764 13391 11949 9810 8044 6620 5522 4568 3998 3341 3065 2926 2521 2265 1812 1331 1404 1483 1342 1231 1156 1186 1167 1453 1590 2110 2804 3550 4091 4431 4492 4319 3952 3523 2613
891 815 750 681 640 585 686 974 1326 1578 1768 1826 1801 1748 1772 1902 2079 2150 2201 2238 2281 2316 2319 2353 2294 2158 2006 1608 1484 1540 1759 1906 3055 3608 3793 3649 3757 3895 5178 14664 20945 22622 21508 20392 19265 17269 17233 16158 15781 14613 13436 11654 9630 7981 6725 5642 4844 4040 3799 3380 2996 2649 2103 2058 1691 1430 1457 1247 1083 1106 1110 1144 1168 1256 1416 2883 4551 5735 6180 5772 5261 4485 4240 2131
996 910 830 730 672 619 559 986 1367 1498 1632 1677 1652 1652 1781 1953 2066 2352 2402 2636 2722 2662 2646 2639 2601 2532 2376 2081 1807 1767 2077 2156 3232 3621 3610 3044 3106 3816 4139 11952 21160 23104 20522 18618 17263 16118 15932 15741 15586 14544 13109 11516 9754 8319 7206 6244 5078 4416 3958 3651 3423 2755 2361 1946 1688 1405 1432 1154 1058 1037 1039 1128 1186 1341 1779 2210 5419 6391 6933 6312 5528 4871 4588 2531
1121 1048 892 816 748 660 604 656 1062 1281 1355 1334 1415 1511 1666 1844 2027 2306 2600 2794 3025 3087 3147 2933 2917 2956 2792 2411 2169 2050 2156 2458 2891 3062 3061 2925 3274 3374 3127 8966 18191 22349 20236 18995 17156 15774 15116 14310 14843 14297 12880 11550 9903 8322 7274 6212 5329 4980 4201 3574 3051 2501 2179 1956 1707 1388 1357 1044 1019 1009 1040 1102 1171 1464 1717 2126 5315 6960 7602 7013 6165 5425 4714 2908
1280 1140 1006 935 822 746 659 612 839 1042 1063 1138 1319 1515 1645 1906 2165 2434 2799 2932 3210 3401 3322 3361 3351 3317 3188 2722 2509 2318 2413 2567 2969 3168 2806 2884 3040 2899 3053 3681 17155 22735 21607 19975 18067 15513 13259 12532 13568 13743 12399 11267 10016 8166 6828 6291 5482 5133 4641 4107 3319 2469 2179 1966 1725 1352 1149 986 1025 1000 1003 1108 1247 1462 1850 2453 6978 8014 8317 7575 6962 6605 5714 4418
1344 1231 1145 1022 959 828 740 623 678 1030 1065 1143 1359 1578 1790 2039 2289 2573 2829 3153 3251 3390 3461 3632 3698 3814 3612 3116 2901 2659 2965 2954 3024 3094 2974 2941 2871 2779 2882 3042 14468 21890 21758 20402 18551 15863 13621 11230 10748 12377 11281 10613 9625 8102 7209 6636 5912 4529 3935 3426 2758 2002 1840 1756 1505 1379 1071 983 1012 971 966 1064 1242 1524 1850 2139 6826 8813 9026 7912 7582 7197 6516 5442
1425 1370 1317 1225 1137 1007 843 688 696 749 1106 1163 1340 1588 1818 2044 2308 2587 2883 3099 3243 3482 3685 3798 3995 4141 4044 3791 2981 2509 2581 2650 2716 2744 2784 2526 2591 2535 2663 2669 11956 20968 21326 20442 18747 16553 14462 12745 11684 11276 11246 10733 10052 9071 8209 7192 5333 4476 3737 3135 2678 2100 1759 1784 1624 1315 1058 1021 963 908 913 1017 1134 1472 1769 2166 6031 9734 9598 8280 7925 7410 6483 5741
1577 1590 1601 1443 1295 1234 995 838 804 861 1177 1291 1423 1577 1793 2021 2241 2516 2807 3089 3330 3561 3768 3999 4136 4562 4804 4168 3065 2406 2332 2355 2295 2611 2527 2593 2642 2669 2513 2294 9807 19852 20998 20180 19055 17593 15935 14677 13056 12533 11737 11223 10575 9764 8677 7125 5658 4386 4018 3440 2944 2601 2190 1983 1887 1653 1140 1024 928 874 897 920 1070 1201 1718 2096 2483 10280 9563 8852 8147 7908 7289 6358
1747 1852 1688 1577 1512 1309 1198 1042 1022 1103 1237 1313 1422 1567 1733 1989 2174 2447 2735 3047 3403 3566 3802 4018 4375 4668 4763 3824 2941 2449 2283 2273 2361 2495 2763 2848 2882 2939 2579 2465 10318 19929 21467 21050 19596 18368 16730 15533 14337 13315 12545 11755 11494 10805 9642 8020 5748 5224 4619 4052 3592 3066 2704 2469 2449 2027 1346 1058 949 844 883 937 1042 1307 1427 2055 2317 10282 10116 9173 8835 8707 8203 7928
1905 1966 1799 1845 1686 1511 1529 1510 1236 1262 1321 1338 1451 1512 1695 1949 2138 2414 2746 3077 3398 3704 3924 4111 4349 4600 4511 3876 2963 2548 2258 2125 2481 2685 2793 2942 3023 3154 2878 2580 16084 21073 22644 21906 20660 19072 17712 16478 14901 13947 13267 12474 12243 11815 10394 8952 7436 6166 5382 4706 4246 3695 3221 3112 2984 2614 1702 1128 932 868 886 941 965 1073 1267 1575 1905 7862 10918 10223 10216 10156 10063 9295
2049 2075 2059 1831 1753 1712 1545 1398 1324 1217 1240 1280 1403 1516 1648 1895 2166 2444 2716 3056 3367 3634 3923 4156 4259 4415 4339 3744 2995 2483 2064 2225 2416 2684 3050 3082 3338 3331 3274 2997 18982 22139 23585 22954 21393 19911 18344 17008 15738 14648 14029 13420 12997 12389 11285 10210 8699 7625 6759 5583 4930 4340 3773 3632 3740 3381 2334 1331 1030 857 870 874 889 985 1174 1517 2076 5763 11496 11320 11380 11734 12777 13551
