Visibility/Code off linux servers/qsort_noarctan/results.asc
ncols         391
nrows         472
xllcorner     271845
yllcorner     3875415
cellsize      30
NODATA_value  -9999
[rows 296 to 332 of 472, columns 0 to 83 of 391]
-9999 -9999 -9999 -9999 2119 2085 2000 1920 1804 1675 1545 1431 1309 1142 983 860 846 959 1256 1428 1523 1516 1499 1482 1415 1304 1184 1094 1041 1042 1181 1421 1713 1867 1875 1751 1620 1473 1394 1388 1339 1338 1343 1360 1471 1490 1551 1662 1741 1702 1719 1705 1679 1461 1149 1081 1080 1102 1070 1035 1070 1154 1160 1205 1215 1186 1155 1103 1121 1084 1092 1078 1039 993 881 778 736 717 712 676 669 660 692 596
-9999 -9999 -9999 -9999 2026 1978 1860 1790 1678 1586 1456 1340 1266 1188 1106 954 1004 1150 1313 1367 1405 1372 1360 1310 1260 1174 1094 1020 983 1024 1184 1330 1491 1711 1766 1663 1500 1359 1199 1195 1162 1139 1090 1131 1260 1349 1428 1623 1722 1728 1763 1640 1617 1374 1151 1092 1058 1102 1050 1084 1075 1151 1200 1247 1287 1226 1185 1128 1100 1085 1028 1028 983 948 876 804 777 687 697 701 705 638 662 651
-9999 -9999 -9999 -9999 1925 1880 1784 1676 1562 1462 1367 1264 1180 1120 1097 1068 1123 1182 1229 1276 1300 1268 1235 1186 1129 1081 1003 964 967 1035 1158 1271 1354 1471 1538 1474 1359 1137 960 924 966 910 868 992 1102 1274 1524 1647 1631 1734 1724 1618 1464 1263 1172 1110 1056 1034 1093 1113 1159 1210 1210 1235 1270 1209 1158 1131 1082 1014 965 998 950 893 849 825 779 679 641 658 684 699 656 661
-9999 -9999 -9999 -9999 1847 1787 1656 1561 1475 1391 1300 1190 1120 1074 1060 1089 1127 1165 1175 1213 1236 1231 1195 1153 1086 1041 997 961 1018 1091 1162 1236 1311 1345 1339 1316 1194 1024 877 863 894 892 865 937 1133 1367 1480 1517 1539 1578 1601 1465 1291 1252 1139 1060 1015 1021 1113 1154 1146 1201 1167 1147 1128 1107 1081 1015 1005 959 917 944 935 876 775 742 753 668 684 660 692 738 703 706
-9999 -9999 -9999 -9999 1762 1677 1566 1475 1358 1266 1211 1133 1071 1063 1079 1114 1134 1149 1154 1176 1186 1191 1165 1150 1110 1077 1053 1025 1090 1130 1181 1225 1234 1287 1272 1219 1140 1026 906 893 894 945 947 968 1100 1356 1476 1449 1452 1415 1434 1288 1251 1151 1086 1026 976 968 1045 1081 1126 1141 1179 1126 1071 1053 969 918 901 904 898 920 850 800 748 705 710 708 679 715 718 776 761 735
-9999 -9999 -9999 -9999 1681 1601 1500 1365 1269 1185 1138 1054 1039 1039 1087 1112 1140 1163 1215 1185 1178 1152 1142 1112 1107 1064 1078 1074 1105 1135 1165 1158 1209 1249 1262 1204 1143 1022 935 911 971 1018 981 1005 1145 1276 1336 1307 1321 1294 1244 1244 1241 1152 1027 987 969 926 975 1070 1093 1110 1141 1084 1036 1019 955 888 865 846 873 883 842 789 748 713 723 754 776 774 780 780 820 829
-9999 -9999 -9999 -9999 1566 1498 1385 1286 1187 1103 1040 983 941 960 1009 1083 1140 1178 1227 1239 1217 1138 1121 1091 1078 1072 1061 1067 1091 1127 1126 1157 1170 1207 1232 1186 1112 1025 970 987 994 1053 1020 1057 1120 1154 1176 1153 1134 1178 1176 1174 1184 1106 1023 985 962 949 980 1036 1045 1085 1019 1038 1017 1004 949 924 876 856 875 851 826 808 768 759 766 754 797 792 795 795 832 836
-9999 -9999 -9999 -9999 1459 1370 1271 1190 1124 1065 1028 981 953 965 992 1032 1127 1166 1283 1294 1228 1144 1100 1094 1083 1106 1080 1094 1103 1080 1068 1097 1108 1117 1132 1086 1025 979 945 1017 1059 1047 1040 1040 1064 1094 1074 1083 1086 1113 1126 1089 1106 1104 1052 1021 970 985 923 969 1061 1155 1146 1100 1034 983 967 938 931 901 892 869 855 834 800 765 770 768 805 835 843 818 848 816
-9999 -9999 -9999 -9999 1307 1250 1174 1097 1060 1044 1028 1022 991 988 1027 1095 1154 1221 1323 1330 1243 1150 1094 1073 1078 1066 1055 1088 1085 1069 1047 1043 1063 1061 1015 978 926 907 902 970 1015 1011 989 992 1035 1052 1010 1001 989 1007 1019 978 1006 1080 1061 1037 1018 972 973 977 1053 1195 1190 1159 1058 1001 985 947 935 916 859 875 868 845 818 814 799 772 776 802 836 829 859 845
-9999 -9999 -9999 -9999 1146 1102 1071 1055 1038 1065 1071 1048 1041 1046 1107 1135 1185 1213 1340 1354 1260 1161 1114 1045 1016 997 1006 1035 1050 1049 1051 1005 1022 985 986 938 903 896 889 925 920 912 885 899 936 976 970 951 924 894 917 886 923 1025 1065 1087 1038 990 951 888 913 1073 1122 1130 1093 1035 998 909 904 850 831 839 902 896 873 855 817 807 820 836 845 827 861 862
-9999 -9999 -9999 -9999 1058 1059 1048 1045 1058 1112 1123 1119 1107 1133 1220 1276 1270 1313 1343 1408 1313 1230 1185 1122 1038 1012 1023 1044 1052 1070 1027 1008 988 966 951 933 889 875 873 882 844 809 816 844 853 873 895 879 787 781 811 872 962 1014 1068 1047 1032 999 920 787 747 822 882 962 1032 1017 965 917 890 836 812 834 902 917 894 853 819 807 808 841 875 875 873 912
-9999 -9999 -9999 -9999 1031 1040 1047 1075 1111 1185 1238 1200 1184 1238 1270 1343 1385 1423 1452 1428 1370 1305 1253 1221 1149 1105 1071 1115 1137 1132 1079 1045 1022 1010 950 908 826 804 819 786 803 810 805 800 836 826 805 753 736 822 911 965 997 1108 1145 1098 1045 980 907 760 704 737 733 809 908 1006 981 973 889 845 822 859 932 953 947 882 882 853 845 879 887 930 894 1142
-9999 -9999 -9999 -9999 1053 1085 1106 1177 1237 1296 1328 1319 1297 1327 1374 1456 1513 1534 1545 1512 1422 1356 1346 1295 1235 1202 1202 1211 1214 1169 1133 1083 1062 985 949 879 824 760 779 779 784 816 800 826 845 819 826 820 908 1051 1105 1124 1176 1221 1208 1147 1084 1034 996 878 819 777 759 853 930 995 1066 1036 980 918 916 925 979 985 984 937 929 899 881 907 929 936 954 1231
-9999 -9999 -9999 -9999 1081 1134 1187 1251 1351 1408 1433 1443 1423 1413 1410 1504 1550 1571 1638 1584 1521 1447 1435 1376 1335 1300 1286 1274 1238 1194 1158 1130 1085 1001 909 870 827 803 820 800 819 845 831 819 830 846 837 935 1071 1241 1293 1322 1346 1305 1266 1197 1144 1113 1064 991 891 827 862 904 958 955 1087 1094 1023 993 1019 986 1031 1048 1052 1003 1001 970 949 964 985 963 1185 1323
-9999 -9999 -9999 -9999 1131 1182 1234 1340 1421 1482 1530 1560 1542 1479 1518 1550 1587 1606 1673 1669 1626 1567 1548 1477 1448 1380 1357 1309 1251 1195 1144 1094 1044 951 918 902 884 879 842 851 828 854 872 889 866 898 959 1073 1206 1359 1420 1464 1491 1443 1370 1293 1235 1187 1134 1050 963 902 926 916 915 883 900 1005 1030 1039 1081 1060 1016 1048 1063 1070 1021 1035 1031 1026 1229 1140 1370 1804
-9999 -9999 -9999 -9999 1174 1241 1289 1399 1520 1595 1669 1644 1656 1618 1587 1588 1633 1655 1671 1699 1700 1652 1660 1548 1529 1470 1447 1352 1259 1159 1062 998 958 951 972 964 955 937 911 885 895 878 882 884 902 993 1117 1157 1296 1453 1519 1596 1571 1521 1461 1354 1322 1249 1214 1149 1083 1045 1035 1003 938 784 744 743 871 954 999 999 1045 1006 992 989 1000 1017 1059 1109 1418 1830 2413 2096
-9999 -9999 -9999 -9999 1220 1281 1367 1479 1574 1667 1706 1735 1713 1623 1605 1621 1629 1646 1643 1624 1651 1695 1681 1595 1549 1505 1443 1354 1258 1128 1055 1005 973 1020 1076 1086 1033 972 929 908 882 893 907 923 990 1021 1183 1288 1316 1442 1640 1659 1662 1633 1529 1485 1399 1328 1278 1215 1191 1146 1150 1108 1004 757 719 805 796 814 869 882 843 823 803 794 777 862 883 1017 1519 2062 2285 2546
-9999 -9999 -9999 -9999 1243 1347 1440 1560 1687 1752 1756 1753 1708 1637 1587 1601 1613 1601 1558 1504 1579 1659 1643 1648 1589 1537 1456 1339 1269 1172 1117 1032 1012 1123 1225 1162 1031 935 910 891 905 925 908 922 1003 1090 1219 1369 1475 1476 1674 1705 1727 1683 1632 1567 1493 1410 1371 1319 1243 1233 1242 1185 1121 1011 912 882 880 845 849 795 704 697 679 658 646 671 678 719 1308 1969 2235 1713
-9999 -9999 -9999 -9999 1206 1318 1433 1587 1690 1764 1800 1770 1711 1622 1578 1601 1632 1577 1493 1446 1552 1609 1685 1709 1694 1649 1544 1424 1312 1236 1202 1161 1133 1193 1223 1087 1005 948 933 944 938 945 911 969 1003 1092 1211 1393 1567 1657 1649 1706 1771 1789 1735 1668 1571 1514 1496 1458 1370 1345 1368 1326 1284 1233 1162 1119 1024 985 892 833 816 768 689 690 676 624 624 700 987 1284 1197 721
-9999 -9999 -9999 -9999 1264 1350 1475 1576 1676 1782 1807 1769 1686 1603 1577 1612 1605 1518 1432 1440 1496 1647 1763 1802 1832 1727 1610 1486 1416 1370 1307 1268 1197 1173 1150 1061 1052 1046 1018 1013 1000 954 973 1058 1090 1164 1205 1313 1496 1699 1689 1726 1826 1860 1854 1780 1710 1643 1640 1602 1537 1539 1532 1552 1467 1400 1321 1263 1191 1154 1026 948 891 888 817 799 804 790 815 844 940 949 443 196
-9999 -9999 -9999 -9999 1397 1432 1485 1607 1728 1876 1914 1841 1755 1646 1624 1632 1640 1551 1474 1458 1516 1649 1765 1828 1810 1786 1709 1586 1540 1489 1448 1326 1238 1192 1128 1113 1110 1098 1064 1023 1014 1018 1050 1102 1175 1224 1267 1336 1391 1559 1690 1703 1879 1923 1947 1892 1832 1821 1814 1752 1737 1749 1789 1773 1730 1600 1477 1363 1310 1299 1208 1151 1072 993 875 886 899 916 948 1011 1438 1623 858 4421
-9999 -9999 -9999 1466 1422 1460 1521 1644 1838 1939 1995 1941 1826 1705 1654 1657 1670 1620 1528 1556 1651 1718 1759 1822 1832 1855 1789 1674 1638 1579 1487 1365 1207 1123 1141 1179 1175 1132 1109 1083 1043 1078 1089 1170 1206 1280 1284 1302 1316 1429 1580 1690 1929 2014 2080 2038 1982 2011 2020 2017 1946 1990 2124 2070 2441 2459 1631 1466 1437 1412 1335 1283 1193 1090 1016 1003 1036 1061 1323 2012 2668 2722 2079 8124
-9999 -9999 -9999 1484 1442 1470 1558 1641 1848 1998 2057 2019 1927 1822 1748 1757 1762 1713 1675 1705 1724 1748 1812 1838 1907 1896 1858 1769 1726 1663 1535 1369 1237 1164 1172 1208 1230 1209 1176 1126 1138 1140 1161 1229 1260 1297 1273 1291 1308 1341 1525 1559 1834 2086 2211 2195 2183 2229 2268 2400 2296 2435 2676 2615 2768 2985 2539 2347 1545 1529 1467 1406 1321 1254 1189 1201 1230 1996 2954 3397 3857 3948 3566 5586
-9999 -9999 -9999 1449 1481 1510 1514 1614 1781 2021 2116 2083 1977 1892 1818 1796 1808 1797 1789 1770 1752 1796 1860 1877 1908 1938 1886 1839 1839 1735 1550 1426 1292 1266 1303 1291 1316 1257 1229 1203 1251 1236 1230 1258 1303 1267 1275 1260 1294 1351 1435 1582 1795 2148 2335 2376 2699 2797 3227 3294 2871 2452 2216 2230 2350 2660 2929 2598 2710 2406 1600 1548 1481 1400 1345 1495 2144 3202 3396 3736 3952 4293 5109 5462
-9999 -9999 -9999 1378 1478 1530 1514 1640 1806 2043 2229 2184 2076 1960 1859 1884 1900 1900 1903 1894 1819 1878 1885 1928 1967 1951 1884 1851 1836 1729 1583 1536 1453 1408 1400 1378 1388 1365 1287 1286 1306 1334 1322 1351 1340 1332 1268 1259 1310 1393 1457 1524 1702 2101 2532 3239 3785 3624 3317 2904 2481 2158 2027 2029 2127 2396 2833 3132 3248 3049 3126 2547 1633 1478 1740 1996 3173 3714 4115 4135 4392 4685 5201 5625
-9999 -9999 -9999 1304 1408 1444 1454 1716 1888 2120 2312 2293 2168 2052 1924 1956 1958 2013 2023 1925 1916 1954 2006 2038 2023 1923 1901 1873 1878 1769 1664 1630 1598 1572 1519 1470 1451 1380 1373 1363 1429 1448 1454 1466 1429 1367 1354 1293 1356 1439 1527 1534 1684 2243 3530 3758 3547 3131 2803 2476 2255 1996 1876 1902 2042 2258 2671 3134 3387 3593 3839 3747 3355 3326 2581 2592 3609 4077 4131 4326 4520 4857 5568 5894
-9999 -9999 -9999 1139 1281 1338 1399 1660 1960 2215 2447 2393 2254 2106 1993 1945 2025 2109 2107 2003 1994 2054 2125 2119 2049 2045 1915 1909 1915 1874 1829 1743 1730 1723 1636 1580 1505 1416 1456 1464 1543 1575 1596 1583 1530 1457 1451 1423 1488 1492 1523 1580 1653 2790 3746 3365 3138 2860 2616 2349 2099 1869 1703 1762 1941 2166 2537 2947 3293 3483 3617 3933 4737 4356 3655 3384 3740 4031 4116 4250 4397 4824 5460 5830
-9999 -9999 -9999 924 1116 1288 1364 1662 2042 2349 2528 2486 2322 2198 2013 2048 2136 2232 2191 2168 2122 2228 2335 2268 2260 2198 1819 1852 1998 1990 1937 1875 1872 1824 1773 1681 1596 1490 1549 1589 1658 1723 1714 1710 1657 1568 1585 1528 1529 1541 1575 1555 1859 3499 3464 3152 2963 2676 2472 2212 1998 1775 1609 1619 1885 2132 2414 2718 3071 3240 3426 4029 4652 4495 3996 3669 3643 3745 3842 4024 4278 4629 5250 5548
-9999 -9999 -9999 627 841 1063 1295 1509 1994 2451 2564 2553 2399 2250 2105 2056 2184 2336 2344 2321 2288 2899 3511 3305 2775 2495 2136 1823 2027 1985 2011 1979 1967 1925 1905 1814 1692 1602 1666 1712 1784 1829 1862 1841 1813 1755 1730 1655 1658 1617 1596 1526 2497 3137 3236 3010 2722 2517 2317 2124 1912 1620 1460 1508 1762 2064 2348 2589 2796 2994 3338 4187 4415 4241 3698 3392 3264 3302 3394 3596 3872 4203 4680 5111
-9999 -9999 -9999 486 588 674 780 1097 1739 2337 2543 2552 2493 2312 2190 2130 2334 2437 2563 2850 3241 4152 3666 3023 2398 1841 1583 1778 2039 2099 2120 2152 2127 2094 2022 1872 1745 1677 1793 1842 1922 1983 1993 1992 1976 1953 1929 1851 1775 1744 1657 1725 2955 3184 3145 2832 2570 2351 2165 2006 1761 1500 1365 1396 1653 1923 2241 2489 2684 2843 3274 3931 4096 3923 3408 3090 2878 2893 3003 3170 3412 3670 3928 4397
-9999 -9999 -9999 383 467 502 585 712 967 1865 2344 2445 2510 2473 2342 2331 2489 2758 3857 4260 4359 3830 3171 2304 1598 1104 1405 1567 1977 2189 2204 2296 2278 2176 2189 2116 1744 1806 1915 2116 2224 2273 2283 2186 2171 2159 2129 2078 1976 1950 1982 2429 3707 3349 3080 2770 2431 2208 2027 1827 1639 1405 1274 1277 1482 1830 2126 2330 2530 2751 3263 3608 3725 3506 3103 2767 2547 2500 2569 2756 2951 3159 3372 3559
-9999 -9999 -9999 387 398 401 452 548 612 964 2120 2327 2548 2686 2599 2705 2853 4053 5236 4631 3936 3151 2466 1716 1270 858 770 1137 1437 2158 2299 2353 2712 2690 2532 2155 2033 1870 2153 2306 2304 2542 2694 2726 2787 2639 2623 2464 2392 2267 2468 3979 3592 3476 3092 2654 2285 2114 1895 1692 1555 1299 1135 1169 1345 1674 1999 2199 2414 2830 3285 3377 3389 3157 2802 2527 2274 2205 2283 2401 2563 2730 2924 3100
-9999 -9999 -9999 374 364 364 377 381 461 513 1011 2085 2601 2826 2953 4112 5568 5413 4738 4060 3238 2548 1846 1469 1207 973 784 1003 1754 1720 2506 2869 3186 2863 3220 3285 3083 2900 3238 3421 3761 3799 3968 3420 3526 3373 3419 3375 3205 3312 5257 4327 3991 3365 2952 2532 2209 1986 1768 1588 1425 1233 1041 1079 1240 1535 1828 2065 2315 2817 3036 3147 3058 2828 2579 2255 2086 1988 2025 2131 2287 2434 2583 2688
-9999 -9999 -9999 442 347 324 323 329 352 422 769 1283 2264 3689 5849 5885 5322 4890 4239 3427 2695 1954 1630 1265 1082 1093 1389 1625 1653 2283 3908 4509 4694 4406 4055 3398 3434 3096 2904 3114 3407 3826 3933 4274 4454 4672 4749 4730 4692 5007 5263 4256 3850 3267 2715 2291 2069 1896 1675 1502 1319 1119 937 998 1134 1392 1685 1907 2264 2630 2766 2841 2772 2604 2335 2077 1837 1721 1814 1919 2100 2204 2347 2493
-9999 -9999 -9999 552 493 320 303 328 345 403 669 1378 3719 5029 5626 5491 5106 4492 3869 2970 2348 1752 1430 1043 857 901 1085 1055 1748 2680 3464 4491 4538 4204 3943 3622 3126 2792 2708 2871 3122 3398 3631 3834 4032 4190 4233 4206 4128 4509 5065 4034 3416 2781 2427 2139 1935 1700 1541 1425 1240 1056 820 930 1066 1237 1500 1750 2106 2404 2557 2556 2517 2336 2104 1819 1591 1527 1638 1753 1866 2026 2148 2266
-9999 -9999 -9999 731 650 583 478 388 394 508 675 1439 3980 4613 4985 4923 4567 4214 3569 2837 2270 1633 1168 904 580 982 1238 1011 1087 2690 4252 4433 4243 3997 3702 3328 2822 2647 2642 2633 2807 3022 3223 3411 3568 3709 3759 3756 3740 4327 4899 3722 2770 2357 2067 1947 1842 1624 1468 1293 1197 1073 1043 1048 1040 1164 1372 1576 1987 2257 2358 2368 2312 2193 1954 1648 1475 1395 1496 1601 1697 1819 1921 2104
-9999 -9999 -9999 867 836 823 768 832 829 845 779 3677 4357 4473 4291 4157 4046 3811 3388 2839 2178 1570 1085 962 536 1061 1342 1785 2013 3064 3939 3988 3925 3631 3409 2966 2643 2469 2477 2480 2653 2863 3044 3220 3383 3524 3594 3650 3603 3862 4328 3619 2270 2010 1840 1736 1538 1527 1361 1220 1087 1110 1193 1179 1006 1078 1303 1501 1851 2076 2194 2218 2150 2011 1764 1490 1328 1355 1388 1473 1563 1671 1765 1950
