Visibility/Code off linux servers/h1/results.asc
ncols         391
nrows         472
xllcorner     271845
yllcorner     3875415
cellsize      30
NODATA_value  -9999
[rows 259 to 295 of 472, columns 168 to 251 of 391]
6556 6324 6193 6003 5889 5783 5785 5858 6082 6392 6722 8020 9924 10788 10388 9522 7933 8021 8109 8663 8424 8523 8188 8423 8460 8296 7927 7173 6416 6378 6722 7328 7805 8328 8571 8249 6952 5612 4955 4277 3830 3369 3147 3083 3296 3587 3654 3534 3775 4440 5094 5567 6028 6806 7539 8442 9081 9661 10020 9747 9719 10002 9883 10407 10419 9812 9872 9883 9951 10099 10425 10832 11235 12072 13221 14104 14860 16379 16575 17336 17338 18761 18213 14533
6682 6520 6319 5955 5908 5798 5790 5968 6143 6490 7569 10033 10993 9732 7147 6651 6382 6392 6378 6467 6751 7381 7053 7009 6716 6462 6103 5663 5377 5397 5467 6523 7185 7144 6643 6419 6041 4932 4334 3789 3345 3167 3168 3401 3739 3873 4058 4028 4114 4715 5195 5705 6231 6847 7452 8207 8843 9660 10012 10178 9789 9997 9999 11168 12029 11867 11605 11368 11279 11351 11678 11402 11781 11713 13208 14354 15431 16613 17895 18203 18883 18282 14167 11693
7366 7033 6703 6143 5983 6027 6159 6330 6590 6995 9289 9289 8281 6813 5986 5882 5694 5624 5565 5553 5679 5885 5946 5837 5513 5253 5089 4894 4744 4820 5047 5355 5773 5854 5835 5495 5423 4328 3887 3308 2964 2911 3304 3617 3905 4122 4262 4620 4589 5058 5579 6083 6304 6708 7260 7909 8603 9265 10371 10840 11199 11477 11211 11454 12224 12726 13881 13649 13003 12950 12535 12366 12272 12823 13911 14862 15999 17287 18974 19594 19348 15408 12550 8799
7960 7871 6799 6190 5926 6069 6446 6767 8169 9759 10452 8523 6604 5952 5445 5041 4873 4872 5014 5115 5232 5303 5412 5227 4979 4675 4525 4345 4355 4475 4771 5108 5266 5291 5232 4923 4987 4343 3575 3262 3073 3274 3663 3836 4285 4635 4962 5341 5585 5925 6453 6560 6854 7102 7375 7952 8772 9422 9769 10413 11268 11987 12123 12040 12522 13037 14011 15035 15272 14382 13604 13168 12737 13465 14222 13712 14030 17748 19440 20055 17237 13629 10683 8716
8806 9738 7946 6771 6372 6823 7070 8370 10130 10692 9261 6639 5821 5402 5065 4565 4469 4354 4331 4458 4719 4711 4611 4418 4118 3872 3739 3663 3702 3937 4249 4517 4604 4612 4484 4297 4143 3860 3345 3132 3214 3389 3511 3747 4137 4633 5070 5620 6030 6389 6773 7083 7226 7437 7659 7791 8448 9181 9899 10427 10804 11390 12378 12539 12769 13063 14442 14889 16337 15954 14978 14378 13787 14351 14790 15620 15606 18139 19466 17773 14760 12594 9943 8206
8575 10520 10020 8313 7517 7940 10062 10813 10990 9415 8107 6046 5194 4811 4419 3985 3876 3778 3862 3991 4017 3995 3768 3596 3421 3337 3239 3235 3378 3609 3881 4113 4235 4181 4126 3905 3734 3556 3351 3268 3400 3533 3628 3823 4160 4573 5328 6082 6596 7105 7588 7705 7823 7889 8053 8147 8648 9399 9751 10223 10718 11044 11620 13133 13389 13894 14826 14818 16094 17206 16959 15434 14400 14831 15583 16001 17874 17767 18346 14893 13279 11059 9360 8041
7966 8996 9652 9225 10146 10951 11358 12285 10334 8521 6723 5554 4790 4381 3976 3617 3470 3364 3201 3202 3253 3198 3007 2810 2723 2733 2793 2908 3059 3273 3486 3655 3715 3688 3566 3408 3258 3149 3042 3232 3340 3518 3548 3684 3966 4426 5128 5880 6705 7365 7905 8373 8393 8160 8255 8392 8775 9501 10064 10413 10907 11468 12060 12470 12717 12864 14618 12846 15220 17120 17962 17324 15623 15507 16270 18266 18653 17301 15948 13754 11454 10563 8836 7813
7079 7852 8908 9502 10219 10161 10192 9441 8441 7258 6181 4999 4225 3963 3438 3137 2737 2693 2636 2622 2610 2529 2417 2406 2407 2419 2586 2799 2949 3142 3331 3412 3442 3342 3281 3128 3058 3071 3304 3465 3609 3748 3824 3917 4179 4655 5397 6140 6931 7992 8559 8967 9382 9377 9041 8806 9464 9878 10014 10456 10842 11377 11889 12365 12697 12946 12777 12627 13140 15987 18204 18789 17293 16372 18524 19408 18718 17976 15990 13772 11941 10305 8983 8468
7073 8377 9273 9262 8752 8215 8115 7935 6682 6122 5700 4721 3916 3589 3019 2656 2396 2334 2218 2179 2152 2134 2075 2035 2042 2124 2284 2461 2615 2759 2947 3030 3001 2938 2823 2850 2876 3112 3227 3458 3688 3795 3863 3944 4167 4592 5358 6085 7011 7715 8418 8959 9446 9713 9656 9498 9574 10020 10448 10742 11045 11357 11774 12241 12765 12976 12711 12249 13255 14491 18713 19180 18847 18187 20679 19859 19436 19656 16450 14333 13066 11573 9593 8657
6869 8533 9036 8015 7474 7340 7462 6553 5649 4716 4644 3677 3386 2807 2533 2335 2086 2064 2015 2035 1968 1917 1894 1865 1847 1946 2160 2358 2483 2626 2797 2777 2808 2790 2813 2873 3129 3295 3397 3602 3813 3993 4189 4275 4392 4739 5438 6351 7104 7740 8164 8680 9118 9628 9952 10005 10234 10432 10419 10686 10807 10944 11193 11434 11623 11812 11374 11570 12727 14451 15332 20178 19844 21183 21724 20079 21308 18604 16326 14752 13378 11531 9399 8508
8219 9026 8011 7204 6788 6629 6223 5627 5167 4542 4071 3272 2932 2463 2229 2080 1994 1916 1844 1808 1766 1761 1752 1725 1730 1785 1945 2146 2347 2464 2538 2569 2580 2591 2755 2933 3016 3061 3098 3274 3658 3947 4217 4302 4421 4713 5420 6058 6780 7269 7921 8392 8704 9099 9848 10168 10376 10638 10780 10532 10527 10544 10704 10198 10308 10047 9686 9998 12433 14269 15832 16587 21169 22708 23230 21793 21863 18323 16004 14698 13310 11476 9446 8481
8054 7991 7293 6501 6074 5226 5924 5387 4522 3487 2813 2680 2466 2188 2031 1948 1874 1815 1808 1776 1726 1721 1735 1741 1789 1866 2017 2176 2348 2445 2514 2515 2658 2889 3070 3096 2911 2887 2821 3156 3626 4044 4471 4617 4767 5161 5567 6129 6774 7312 7853 8371 8837 9258 9746 10234 10478 10895 10805 10556 10157 9830 9815 9035 8883 8770 8297 8815 10923 13062 15181 16394 18125 22136 26295 22195 18145 16750 15761 14380 12615 10890 9359 8709
8169 8516 8211 8109 7959 6530 5917 5297 4303 3382 2812 2391 2181 1763 1888 1955 2012 2070 1948 1914 1879 1797 1861 1801 1828 1889 1928 2070 2218 2308 2399 2499 2806 3066 3206 3152 2870 2967 3005 3265 3781 4166 4641 4937 5220 5609 5696 6155 6701 7364 7962 8510 8868 9275 9761 10244 10742 11052 11266 10687 10214 9763 9215 8444 8155 7860 7417 7875 10570 13230 14637 16146 16713 17017 26809 18199 16882 16022 15002 13756 12373 10749 9720 8965
8812 9868 8675 8489 7863 7145 6081 5043 3901 3061 2655 2225 1833 1732 1886 2106 2280 2330 2379 2458 2378 2374 2332 2178 2096 2075 2082 2042 2203 2316 2462 2667 3024 3314 3650 3787 3586 3445 3640 3930 4261 4648 5266 5786 6347 6370 6388 6730 7055 7735 8352 9150 9644 10010 10271 10633 10817 11547 11515 10994 10326 9710 9589 9372 8604 8759 8761 8809 11050 13614 14293 14988 15632 16707 20812 16573 15322 14239 12313 11606 10968 10044 9421 8559
8857 8883 7050 6790 6861 6373 5667 4675 3818 3123 2510 2182 2012 1990 2132 2474 2738 2703 2696 2843 2886 2755 2587 2401 2204 2159 2125 2035 2058 2280 2479 2781 3080 3335 3620 3971 3946 3787 3866 4242 4644 5112 5830 6375 6845 6878 6871 6879 7180 7769 8468 9204 9861 10122 10233 10688 11047 11437 12110 11889 11385 11180 11145 11531 11754 12094 12009 12031 12705 13922 15055 15449 14707 15981 12408 10342 11034 10588 10861 10109 9096 7807 7560 5458
7048 6249 5743 5442 4795 4078 3557 3754 3069 2575 2205 2062 1821 1974 2487 2814 2964 3064 3239 3470 3482 3310 2970 2729 2490 2432 2371 2227 2202 2467 2664 2896 3173 3394 3936 4414 4637 4374 4443 4945 5352 5820 6420 6883 7331 7326 7256 7116 7256 7901 8726 9442 9984 10244 10435 10814 11142 11609 12197 12302 12328 11995 12168 12612 13047 13065 13061 13121 13767 14475 14960 15019 15480 13887 11637 9423 9280 8728 8919 7877 7326 6951 6602 5076
6070 5252 4835 4275 3586 2925 2437 2134 2241 2298 2236 1637 1649 2353 2917 3239 3377 3522 3680 3983 3976 3610 3141 2892 2729 2640 2546 2337 2271 2400 2623 2756 3159 3271 3798 4532 4905 4737 4826 5174 5853 6369 6877 7240 7583 7667 7368 7128 7252 7812 8654 9392 9726 10087 10290 10641 10982 11468 12177 12740 12770 13009 13382 13435 13586 13707 13661 13973 14530 15228 15553 16154 15646 11779 12186 9678 9665 8634 8747 7623 7196 7005 6980 5380
4751 4230 3549 2998 2494 2057 1754 1580 2147 2252 2049 1656 1802 2733 3194 3521 3701 3975 4434 4588 4521 4133 3440 3016 2859 2743 2652 2445 2478 2578 2591 2682 3161 3536 4142 4960 5615 5802 5779 5987 6546 7030 7420 7749 8101 8149 7601 7173 7433 8261 9137 9619 10095 10316 10435 10732 11226 11742 11998 12184 12099 12340 13714 13920 14238 13311 13484 14195 14459 15342 15255 15217 12796 11350 11819 9490 10980 10243 9471 8789 8273 8269 7760 6376
4059 3312 2657 2158 1847 1684 2276 2188 2379 2351 2128 2064 2912 3331 3779 4093 4337 4605 5043 5100 4899 4252 3478 2890 2622 2501 2421 2362 2454 2463 2546 2684 2978 3415 4055 5044 5889 6290 6532 6660 7048 7397 7876 8148 8558 8526 7951 7429 7775 8406 8941 9470 9963 10190 10535 10856 11003 11500 12065 12452 12529 12914 13231 13646 15121 15225 14814 15188 15316 14495 14641 13326 11914 10966 10525 9229 11028 10944 10220 9363 8536 8741 8181 6968
3948 2461 2108 1919 2485 2440 2387 2337 2360 2430 2384 3022 3407 4049 4389 4662 4866 5286 5436 5519 5186 4354 3641 2931 2616 2408 2155 2364 2491 2625 2676 2817 3143 3653 4226 4966 6103 6767 7217 7534 7791 8136 8499 8802 9119 9163 8768 8169 8029 8366 8732 9088 9778 10457 10724 10913 11308 11562 11941 12458 12674 12956 13317 13729 14680 14778 14582 15144 14189 13145 12283 12050 10789 9796 9597 9242 11239 10875 10633 9805 9164 8641 8252 7439
4035 3098 2760 2735 2760 2784 2719 2654 2725 2987 2998 3611 4112 4835 5249 5469 5787 5801 5849 5509 4964 4186 3391 2894 2484 2246 2219 2322 2444 2525 2642 2743 3092 3592 4155 4747 5299 6112 7069 7719 8145 8737 9131 9085 9411 9513 9245 8757 8118 7622 7762 8367 9157 9836 10617 11091 11463 11732 12380 13057 13663 14004 14079 14522 14703 14660 13750 12530 11994 11523 11539 11517 10719 9565 8549 8482 9632 11242 10764 10114 8938 8362 8210 7384
3365 2941 2683 2798 3041 3250 3263 3209 3378 3439 3161 3646 4782 5491 5992 6566 6410 6208 5959 5214 4484 3796 3198 2832 2539 2500 2353 2422 2558 2786 2920 3136 3292 3668 4112 4583 5196 6024 7048 8119 8611 9042 9959 9844 10059 9953 9555 8828 7821 7696 7782 8346 9114 9857 10615 11175 11661 12356 12543 13152 13620 14206 15323 14124 11920 11405 10895 10916 10583 10688 10884 10987 9978 9123 8361 7478 8606 10008 10047 9024 8394 7478 7765 7268
3282 2903 2716 3306 3849 4271 4083 4136 4196 3710 3626 4011 5400 6754 7350 7316 7034 6408 5162 4399 3755 3232 2769 2609 2462 2225 2274 2433 2557 2724 2947 3265 3501 3691 3963 4388 4988 5878 6800 7428 8253 9052 10085 10350 10314 9864 9156 7822 7281 7481 7594 8059 8812 9410 10025 10412 11010 11557 12546 13173 14015 14940 13410 10408 9902 9861 9648 9657 9581 9877 10278 10349 9638 8852 8649 7961 7299 8674 8062 8010 8221 7131 7065 6522
3314 2430 2139 3759 4653 5048 4696 4872 4909 4249 4149 3943 6069 8245 8977 8455 7152 5582 4631 3724 3124 2770 2362 2363 2240 2228 2342 2584 2847 3068 3393 3638 3809 3977 4288 4564 5103 5992 6814 7647 8446 9114 10469 10768 10121 8639 7640 7846 8347 8284 8129 8187 8795 9182 9697 10044 9822 10236 10567 11850 12710 12964 10638 8904 8100 7788 7733 7812 8314 8834 9323 9260 8728 8270 7915 7471 7181 6815 7733 7475 7189 6505 6692 7085
3308 2507 2518 3867 5615 6026 5793 5730 5767 4858 4485 4630 6812 8960 9791 9054 6762 5112 3845 2965 2468 2266 2050 1898 1912 1910 2148 2465 2877 3193 3436 3688 3926 4150 4440 4679 5171 5911 6914 7707 8400 8964 10648 10714 9339 7759 7363 8511 8743 8591 8223 8034 8509 9194 9547 9898 10150 10563 11085 11940 12287 12297 8943 7059 5917 5870 6186 6595 7081 7719 8104 8075 7870 7471 7149 7051 6829 6703 6331 6413 7321 6819 7376 8157
2879 2661 3203 4147 6827 6823 6794 6727 6791 6794 5709 5898 6936 7348 8614 7655 6009 4308 3475 2884 2563 2269 1944 1888 1976 2051 2178 2546 3063 3347 3701 3934 4195 4361 4680 4925 5259 6192 7301 8014 8696 9123 10881 10789 9627 7778 8244 9055 9306 9129 8381 8044 8583 9224 9821 10200 10549 11011 11381 12204 12927 11275 7952 5798 5071 4817 5331 5633 6184 6504 6753 6729 6675 6555 6440 6214 6206 5959 5844 5684 5517 5429 5187 5225
3308 3603 4652 5823 8728 8924 8583 8204 8611 8331 8233 6722 5768 5497 5980 5845 4797 4069 3096 2573 2249 2064 1881 1926 1990 1986 2202 2614 3085 3149 3339 3609 3992 4296 4461 4631 5137 6132 7249 8065 8640 9038 10320 9658 7852 6309 6280 8261 8718 8254 7103 7434 7936 9128 9880 10308 10539 11014 11720 12605 13473 10978 7163 5325 4829 4505 4764 5122 5577 5839 6036 6052 6065 6101 5854 5786 5702 5649 5396 5318 5328 5274 5290 5271
3949 4519 5483 6604 9573 11166 11072 10333 10050 9116 7840 4502 4464 4571 4287 4492 3856 3260 2788 2359 2067 2077 1996 2104 2219 2379 2689 3244 3430 3560 3563 3309 3690 3876 4001 4389 5152 6335 7506 8326 8823 9060 9058 7810 6253 5400 5606 6840 7520 7664 6842 7134 8076 9271 10153 10665 10958 11252 11416 12323 13454 9244 6682 5220 4542 4450 4527 4718 5004 5236 5322 5354 5331 5390 5364 5123 5096 5075 4935 4950 4986 5033 5038 4987
5601 6177 6340 7185 8788 11691 11679 10495 8431 6653 5057 4337 4089 3824 3552 3929 3440 2954 2395 2028 1847 1997 1982 2120 2279 2788 3308 3706 4071 4168 4064 3745 3790 4050 4380 4759 5658 6703 7748 8388 9037 9316 8357 6373 5727 5767 6581 7671 8305 8384 8195 7691 8443 9475 10151 10650 10998 11342 11613 12710 12174 8190 5845 5012 4689 4501 4564 4637 4725 4798 4816 4892 5068 4961 4985 4846 4919 4860 4833 4807 4931 4935 4943 4885
5903 6228 6672 6941 7321 6995 6448 6193 5561 4891 4590 4074 3683 3382 3308 3308 2958 2550 2258 2012 2205 2379 2370 2535 2774 3350 3949 4500 5082 5640 5686 5164 4896 4971 5387 5964 6677 7436 8079 8537 8978 9485 8709 8214 7850 7866 8177 8478 8800 9151 9373 9477 9621 10126 10639 11280 11665 12165 12732 12645 9618 6563 5065 4547 4171 4224 4165 4210 4167 4218 4232 4321 4328 4427 4445 4631 4555 4550 4510 4510 4532 4570 4534 4553
5503 5712 5928 6170 6217 6036 5829 5632 5231 5061 4862 4384 3851 4038 3410 3056 2684 2347 1908 2213 2385 2571 2851 3057 3269 3451 4211 4936 5739 6535 6995 6565 5802 5764 6156 6692 7303 7648 8189 8371 8334 9057 8979 8935 8842 8402 8311 8315 8641 9115 9556 9806 10095 10355 10911 11599 12052 13432 14041 9611 6954 5748 4863 4198 4123 4046 3963 3952 3952 3895 3883 3876 3930 4079 4199 4399 4428 4500 4373 4257 4337 4294 4400 4319
5064 5080 5201 5439 5516 5419 5343 5142 5114 4905 4798 4617 4143 3714 3172 2779 2349 1984 2517 2680 2930 3299 3672 3766 3916 3967 4154 4748 5700 7138 7811 7658 6859 6648 6903 7323 7649 8061 8367 8865 9464 9398 9716 9652 9272 8822 8322 7971 8159 8721 9119 9720 10206 10665 11457 12219 13203 13796 9732 7428 5721 4777 4681 3997 3902 3765 3731 3649 3518 3531 3446 3435 3434 3584 3823 4083 4292 4207 4050 4033 3918 4026 4123 4045
4854 4850 4959 5095 5190 5121 5048 5046 5024 4912 4782 4429 4500 3595 3128 2670 2298 2367 2681 3062 3425 3770 4034 4255 4370 4304 4325 4686 5705 7098 8219 8488 8089 7765 7526 7655 7771 8387 9353 9557 9664 9834 9991 9713 9110 8236 7221 7265 7359 7579 8335 8839 9722 10498 11141 12741 13046 10288 7723 5776 4990 4557 4467 4077 3767 3797 3728 3656 3559 3390 3209 3249 3281 3466 3786 4125 4351 4283 4195 4024 3897 3902 4078 4048
4504 4459 4471 4627 4715 4683 4560 4628 4731 4636 4610 4286 3934 3367 2750 2428 2419 2801 3315 3706 3972 4314 4741 4883 4943 4790 4822 4951 5765 6556 8250 9177 9251 9080 8729 8303 8551 9301 9771 9816 9939 10152 10297 9592 8523 6689 5933 6790 6815 7265 7752 8168 8712 9795 11300 12060 10807 7499 6067 4504 4346 4105 3886 3900 3572 3470 3559 3577 3591 3282 3047 2994 3127 3216 3595 3846 3979 4056 3953 3856 3686 3678 3747 3913
4314 4295 4313 4360 4459 4423 4399 4460 4574 4610 4426 4509 3825 3179 2651 2458 3077 3481 3539 3880 4213 4575 5156 5362 5301 5338 5233 5101 5887 6651 7753 9430 10002 10044 9956 9274 9206 9727 10076 9947 10122 10322 10311 9203 7925 5828 5093 6212 6447 6772 7274 7845 8355 9460 10348 10616 7677 6148 4858 4148 4008 3813 3743 3632 3623 3450 3501 3563 3653 3457 3342 3228 3200 3315 3575 3746 3817 3946 3855 3830 3642 3543 3667 3883
4059 3974 3868 3887 3953 3936 3929 3996 4142 4166 4080 4136 3724 3164 2786 3011 3348 3631 3991 4321 4740 5219 5817 6158 6392 6211 5917 5886 6184 6915 7489 9163 10653 11158 11207 10453 10051 10346 10438 10302 10337 10568 10268 9268 7598 5523 5197 5947 6485 6799 7355 7886 8540 9106 9751 8276 6227 4994 4128 3648 3586 3425 3377 3212 3181 3158 3238 3390 3316 3360 3304 3334 3363 3268 3432 3412 3433 3480 3425 3428 3282 3278 3462 3629
3942 3846 3783 3711 3727 3716 3663 3709 3829 3884 3734 3767 3624 3708 3728 3655 3715 4045 4273 4529 4646 5022 5892 6583 6946 7085 6690 6617 6599 7021 7580 8606 10465 11814 12048 11620 10802 10971 10784 10340 10338 10531 10294 9121 7432 5886 5750 6346 6658 7158 7562 7902 8105 9093 9119 6186 5117 4012 3681 3488 3400 3278 3233 2959 2936 2936 3035 3179 3167 3248 3164 3365 3584 3539 3511 3255 3168 3253 3235 3257 3169 3225 3329 3518
