Visibility/Code off linux servers/h1/results.asc
ncols         391
nrows         472
xllcorner     271845
yllcorner     3875415
cellsize      30
NODATA_value  -9999
[rows 37 to 73 of 472, columns 0 to 83 of 391]
-9999 -9999 -9999 -9999 -9999 -9999 -9999 -9999 -9999 -9999 -9999 2930 2754 2542 2351 2099 1869 1653 1398 1205 1036 888 513 560 597 629 666 769 860 979 1059 1057 965 735 678 743 818 931 855 858 898 961 968 977 1030 1091 2362 6874 8839 8990 8512 7617 6782 6080 5981 6126 6384 6393 6321 6177 6298 6589 6797 7970 7326 6139 5503 4578 4004 3727 3345 3057 2891 3065 3605 4394 4944 5198 5360 5505 5543 5572 5347 4820
-9999 -9999 -9999 -9999 -9999 -9999 -9999 -9999 -9999 -9999 2478 2324 2182 1972 1761 1533 1321 1118 936 819 705 591 893 970 1010 1050 1078 1179 1300 1465 1620 1623 1639 1220 998 923 941 1009 980 1044 1546 1837 2185 2450 2665 2612 6042 8440 9352 9294 8285 7108 6171 5399 5369 5378 5851 6118 6095 5836 5714 5844 6295 6596 7419 8038 7317 5831 4548 4030 3580 3309 3058 2845 3195 3556 4191 4660 4776 4875 4959 5052 4877 4511
-9999 -9999 -9999 -9999 -9999 -9999 -9999 -9999 -9999 -9999 2598 2441 2205 2022 1767 1515 1303 1177 1117 1055 977 886 622 702 752 831 975 1173 1458 1674 1974 1770 1217 840 575 529 463 449 441 619 1157 1588 1703 2661 2017 3999 7167 9313 9313 8827 7789 6629 5327 4574 4142 4384 4713 5010 4923 4813 4773 4992 5546 6392 6969 7703 8268 8038 7254 6366 4906 4270 3867 4015 3806 4324 4326 4875 4890 4890 4892 4901 4981 4698
-9999 -9999 -9999 -9999 -9999 -9999 -9999 -9999 -9999 -9999 2163 1949 1746 1497 1210 937 680 639 653 594 536 528 928 1010 1051 1032 1170 1344 1623 1916 2230 2599 2508 1610 1197 976 859 874 854 920 1583 3026 3946 4388 5030 6738 9877 10626 10132 9252 8248 7225 6183 5835 5498 4913 4685 4271 4446 4521 4726 4778 5312 5519 6130 6773 7183 7616 7826 7338 6442 5935 5259 4838 4605 4313 4090 4406 4332 4274 4166 4094 4113 3925
-9999 -9999 -9999 -9999 -9999 -9999 -9999 -9999 -9999 -9999 2176 2018 1789 1538 1357 1004 931 890 884 857 830 804 509 540 594 626 674 857 1026 1338 1786 2058 2137 1591 813 605 595 547 530 557 1032 2396 3453 4080 5311 8015 9832 10315 10562 9287 8786 8393 7822 7163 6786 6579 5458 4996 4553 4055 4188 4323 4617 5222 5750 6246 6831 7092 7417 7726 7538 6599 6025 5512 5054 4950 4580 4586 4514 4359 4290 4173 4071 3850
-9999 -9999 -9999 -9999 -9999 -9999 -9999 -9999 -9999 -9999 1625 1492 1355 996 924 691 589 549 508 514 489 473 795 818 846 872 864 980 1123 1267 1495 1760 2005 2078 1683 1173 1107 993 926 902 1021 1735 3005 3913 5814 8091 9684 10491 10538 10193 9420 8996 8833 8510 7922 7467 6964 6444 5918 5339 4799 4425 4326 4264 4720 5361 5948 6192 6464 6664 6928 6679 5920 5372 4901 4856 4413 4193 4158 3954 3713 3470 3247 2881
-9999 -9999 -9999 -9999 -9999 -9999 -9999 -9999 -9999 -9999 1846 1717 1349 1312 1254 1039 971 917 908 896 888 831 479 475 506 528 504 537 663 745 1027 1237 1417 1704 1346 932 821 723 638 539 422 502 1372 2849 4624 6975 9247 10022 10163 9894 9306 8338 8102 7786 7112 6740 6398 6102 5572 4984 4346 3569 3166 3456 4045 4615 5452 5953 6124 6318 6572 6732 6531 5869 5221 5049 4861 4645 4401 4208 4021 3669 3436 2920
-9999 -9999 -9999 -9999 -9999 -9999 -9999 -9999 -9999 -9999 1244 1109 1410 1257 968 771 670 613 603 617 613 525 815 780 815 857 865 882 873 941 1098 1500 1612 1845 2079 1894 1618 1371 1213 1074 842 718 747 1670 3580 6659 8976 10093 10275 9951 9269 8350 7496 6964 6203 6034 6004 5670 5081 4435 3713 2987 2693 2219 2242 3080 4154 4990 5265 5518 5782 6035 6075 5701 5051 4826 4571 4281 4178 3911 3430 3129 2976 2521
-9999 -9999 -9999 -9999 -9999 -9999 -9999 -9999 -9999 -9999 2115 1452 1377 1343 1503 1335 1104 1051 1008 1042 1027 899 473 461 522 554 597 659 706 940 1121 1314 1756 2126 2156 2211 1255 1089 956 818 519 401 429 586 2387 5914 8648 9797 9913 9746 9203 7885 7120 5958 5378 4837 4377 3989 3560 3086 2827 2537 2270 2448 2393 2578 3373 4274 4917 5269 5634 6010 6133 5962 5373 5002 4610 4552 4379 4183 3701 3350 3149 2546
-9999 -9999 -9999 -9999 -9999 -9999 -9999 -9999 -9999 -9999 2277 2086 1887 1594 1252 1032 748 681 719 818 766 621 812 797 838 896 954 986 1146 1284 1507 1910 2224 2464 2837 2869 2926 2647 2427 1713 1176 863 864 968 3355 7619 9177 9874 9855 9758 9609 9011 7537 6073 4720 4332 3797 3551 3339 3157 2900 2831 2767 2198 2107 2079 2453 2988 3929 4481 5043 5352 5522 5457 5110 4855 4474 4157 3973 3156 2773 2531 2506 2078
-9999 -9999 -9999 -9999 -9999 -9999 -9999 -9999 -9999 -9999 2647 2356 2122 1814 1459 1175 1022 997 1088 1183 1134 985 528 513 561 594 630 545 653 778 1003 1247 1615 1896 2192 2545 3052 3215 2552 1257 835 642 767 2103 6676 8419 8952 9121 9190 9079 9030 8655 8087 6348 4749 4357 3628 3344 3060 2949 2801 2875 2700 2827 2683 2579 2791 2782 3517 4375 5201 5517 5610 5530 5347 5120 4809 4480 4314 4380 3852 3144 2633 2319
-9999 -9999 -9999 -9999 -9999 -9999 -9999 -9999 -9999 -9999 2213 1890 1652 1352 971 702 614 617 758 827 767 635 899 913 939 946 927 853 833 922 1106 1247 1394 1689 2071 2531 2947 3521 3757 3761 2410 1881 2688 6012 8045 8943 9079 9062 9013 8958 8822 8713 8715 8142 6943 5979 4996 4587 4421 4199 3857 3887 3504 2873 2740 2737 2908 2840 2886 4046 4675 4995 5144 4952 4815 4571 4165 3692 3500 3670 3213 2827 2238 1878
-9999 -9999 -9999 -9999 -9999 -9999 -9999 -9999 -9999 -9999 2271 1970 1777 1464 1152 917 946 975 1110 1176 1134 1070 670 678 676 657 629 493 500 476 602 693 739 1028 1413 1887 2334 2831 3274 3320 2720 2068 5939 7215 8214 8594 8435 8381 8351 8184 7996 7737 7802 8055 8393 7581 6936 6668 6146 5386 5148 4630 4140 4291 4118 4110 4024 3646 3878 4249 4675 5028 5159 4885 4713 4481 4126 3723 3933 4521 4809 4255 3209 2351
-9999 -9999 -9999 -9999 -9999 -9999 -9999 -9999 -9999 -9999 1964 1623 1390 1075 786 575 541 614 800 846 835 820 1128 1092 1054 1026 972 943 925 898 922 930 903 983 1315 1766 2287 2722 3390 3738 4188 7100 8392 8706 8938 8754 8655 8488 8195 7971 7712 7468 7441 7761 8473 8675 8204 7875 7790 7625 7339 7164 6558 5831 5163 5037 4508 4047 3979 3960 4271 4523 4565 4324 4132 3956 3250 2979 3170 3776 4175 3932 2813 2132
-9999 -9999 -9999 -9999 -9999 -9999 -9999 -9999 -9999 -9999 2056 1812 1644 1264 904 848 898 1003 1174 1252 1302 1301 924 881 785 744 688 686 680 692 618 499 442 441 707 1095 1701 2181 2688 3321 4755 7662 9199 9429 9033 8539 8268 8194 7877 7624 7290 6796 6719 7129 7652 7868 7820 7716 7598 7427 7303 7518 7378 7506 7082 6629 6214 5650 4927 4795 4539 4567 4467 4328 4295 3817 3279 3136 3489 3989 4598 4296 3384 2420
-9999 -9999 -9999 -9999 -9999 -9999 -9999 -9999 -9999 -9999 1585 1263 947 953 573 569 598 742 899 984 1042 1079 1395 1314 1175 1074 1036 1035 1072 1080 1069 895 757 754 798 1106 1398 1789 2248 3316 5713 8476 9504 9539 9228 9105 8634 8315 7981 7729 7297 6860 6828 7003 7364 7779 7624 7480 7251 7227 7062 7160 7257 7257 7222 6999 6253 5577 5220 4677 4241 3941 3913 3938 3698 3136 2191 2231 2362 2858 3603 3615 2838 2009
-9999 -9999 -9999 -9999 -9999 -9999 -9999 -9999 -9999 -9999 1973 2018 1585 1186 839 824 1003 1206 1389 1465 1537 1583 1170 1072 903 795 741 780 826 860 830 637 458 435 454 493 713 1046 1327 2336 5015 7973 8687 8916 8490 8492 8119 7826 7548 7176 6884 6539 6432 6455 6703 7074 7069 7078 6805 6707 6553 6411 6347 6777 6956 7298 6839 6075 5450 4994 4538 4263 3953 3967 3716 3233 3289 3539 3928 4499 4849 4757 3759 2653
-9999 -9999 -9999 -9999 -9999 -9999 -9999 -9999 -9999 -9999 2189 1752 1225 848 538 525 679 823 1046 1139 1256 1313 1646 1505 1336 1231 1127 1115 1192 1358 1415 1110 821 794 800 810 948 1203 1581 2386 5473 8087 8548 8480 8533 8285 7919 7727 7403 7192 6831 6675 6387 6460 6574 6798 6906 7042 6960 6861 6596 6438 6104 5953 6087 6491 6478 5729 4995 4486 4094 3860 3573 3487 3145 2457 2773 2835 3484 4434 4891 4386 3442 2563
-9999 -9999 -9999 -9999 -9999 -9999 -9999 -9999 -9999 -9999 2578 2068 1329 1021 771 835 1096 1499 1637 1680 1908 1908 1352 1231 1064 947 836 760 640 796 1005 755 572 531 523 559 645 753 959 1499 5701 7904 8300 7845 7603 7498 7034 6793 6731 6459 6234 6174 5910 5883 5862 5992 5999 6281 6373 6363 6112 5826 5503 5783 5910 6258 6397 6098 5211 4677 4444 4058 3668 3543 3399 3702 3977 4339 4707 5146 5629 5645 5452 4892
-9999 -9999 -9999 -9999 -9999 -9999 -9999 -9999 -9999 -9999 2016 1427 754 549 492 766 1125 1121 1110 1265 1512 1595 2065 2073 1557 1341 1224 1115 1029 1031 1177 1308 1095 1008 1006 1051 1272 1682 2455 4836 7558 8812 8698 8055 7882 7449 6988 6698 6243 6367 6179 6200 6033 5933 5787 5868 5848 6088 6373 6370 6057 5761 5469 5022 5185 5408 5701 5570 5094 4460 4011 3655 3224 3083 3278 3601 3826 4141 4259 4342 4529 4762 5095 4380
-9999 -9999 -9999 -9999 -9999 -9999 -9999 -9999 -9999 -9999 1139 931 833 792 769 1377 1788 1987 2032 2175 2203 2249 2020 2135 1605 1089 970 798 751 803 1036 1126 957 872 817 954 1021 1705 4027 6739 8649 8967 8693 8391 7567 7136 6559 6279 6210 6138 5955 5889 5563 5574 5555 5409 5528 5595 5799 5689 5536 5256 5014 5057 5065 5145 5448 5551 5247 4737 4300 3810 3417 3213 3362 3781 4075 4282 4281 4338 4428 4532 4968 5636
-9999 -9999 -9999 -9999 -9999 -9999 -9999 -9999 -9999 -9999 553 560 532 504 660 1263 1632 1902 2392 2643 2850 3102 5795 5011 3137 1845 1374 1266 1299 1318 1631 2215 1919 1775 1747 2204 3189 5358 6612 7936 8579 9265 9352 9005 8455 7684 7360 7342 7089 6903 6679 6553 6570 6497 6126 6044 5885 5973 5827 5627 5337 5164 5080 4511 4330 4487 4617 4580 4591 4227 3801 3384 3145 2720 2717 3316 3662 3728 3749 3852 4003 4169 4431 4943
-9999 -9999 -9999 -9999 -9999 -9999 -9999 -9999 -9999 -9999 817 865 866 852 1003 2157 2300 2642 2968 3903 4407 5430 6115 6293 4935 1810 1150 1066 1114 1184 1807 2621 4645 5550 5355 5303 6371 6825 7439 7755 8049 8547 9067 8820 8510 8105 7833 7429 7089 6706 6454 6506 6493 6597 6158 5869 5551 5580 5253 4861 4693 4513 4437 4638 4357 4343 4481 4409 4304 4209 3961 3619 3504 3154 3500 3835 3844 3879 3939 4066 4171 4410 4775 5146
-9999 -9999 -9999 -9999 -9999 -9999 -9999 -9999 -9999 -9999 608 648 739 1153 2131 2316 2215 2638 3192 3505 3707 3874 4619 5340 5511 3564 2056 2036 2347 4034 5104 5927 6593 6959 7123 6730 7070 7648 8035 7790 7924 8038 8860 9319 8935 8509 8101 7721 7233 6826 6336 6091 6213 6653 6498 6291 5832 5553 5187 4701 4648 4503 4531 4121 3841 3814 3967 3793 3860 3607 3309 3258 3252 3377 3584 3542 3538 3475 3513 3622 3769 3943 4185 4566
-9999 -9999 -9999 -9999 -9999 -9999 -9999 -9999 -9999 -9999 930 1071 1949 2345 2758 2862 2684 2924 3039 2965 3067 2992 2968 3391 4485 5296 6106 6463 6554 6223 6309 6302 6959 7010 7046 6960 7095 7331 7454 7139 6774 6944 7699 8215 8285 8123 7595 7202 6618 6035 5433 5246 5498 5870 6058 5951 5525 5100 4791 4264 4118 4000 3919 4186 4147 4117 4289 4143 4035 3794 3532 3507 3590 3774 3975 4099 4080 4008 3914 3904 3905 4033 4203 4412
-9999 -9999 -9999 -9999 -9999 -9999 -9999 -9999 -9999 -9999 784 2039 3132 3705 3458 3097 2772 2531 2284 2382 2547 2652 3284 4215 5595 6875 7351 7285 7219 7152 7059 7151 7301 7256 7247 7141 7197 7313 7278 6740 6392 6482 7281 7791 8147 8130 7655 7130 6598 6049 5424 5035 5166 5473 5876 5822 5507 5117 4880 4496 4255 4070 3951 3659 3894 4170 4303 4123 3776 3368 3111 3171 3278 3415 3621 3728 3654 3490 3381 3312 3084 3048 3065 3328
-9999 -9999 -9999 -9999 -9999 -9999 -9999 -9999 -9999 -9999 2375 4240 4824 4755 4199 3579 3188 3097 2998 3331 3459 3537 3793 4899 5642 6455 6943 7044 6983 6852 6987 6818 6809 6777 6832 6666 6666 6552 6386 6097 5618 5783 6368 7250 7593 7575 7035 6549 5918 5492 4994 4665 4567 4701 5275 5292 5004 4677 4398 4080 3880 3601 3463 3699 3913 4289 4626 4462 4001 3620 3325 3422 3522 3623 3816 3907 3905 3875 3929 3863 3671 3692 3631 3633
-9999 -9999 -9999 -9999 -9999 -9999 -9999 -9999 -9999 -9999 3682 4747 5034 4608 4034 3562 2997 2940 3023 3244 3404 4017 4959 5504 5936 6896 7109 7319 7199 6989 6943 6825 6898 6733 6774 6604 6540 6424 6216 5964 5794 5888 6412 6956 7503 7649 7062 6465 5957 5547 5170 4804 4499 4521 5098 5348 5189 4839 4458 4146 3812 3447 3202 2989 3240 3593 3934 3811 3514 3229 2993 2994 3158 3195 3259 3250 3426 3510 3286 3031 3012 3159 3040 3082
-9999 -9999 -9999 -9999 -9999 -9999 -9999 -9999 -9999 -9999 4610 5318 5252 4945 4480 4053 3544 3270 3376 3598 4061 4670 4888 5272 5692 6396 6711 6765 6602 6505 6313 6195 6237 6054 6055 5901 5812 5662 5516 5375 5194 5190 5566 6019 6675 7229 6574 6069 5575 5127 4602 4362 3967 3909 4014 4366 4432 4151 3744 3359 3092 2600 2468 2755 3057 3790 4042 3728 3787 3607 3566 3535 3537 3443 3350 3497 3819 4034 4244 4448 4624 4714 4828 5007
-9999 -9999 -9999 -9999 -9999 -9999 -9999 -9999 -9999 -9999 5175 5286 5006 4877 4353 3923 3433 3118 3079 3508 4061 4528 5161 5644 5929 6317 6546 6770 6621 6485 6291 6204 6051 6000 5972 5736 5682 5577 5553 5438 5178 5165 5374 5861 6331 7185 7085 6539 5947 5357 4820 4407 4144 4031 4106 4027 4101 3693 3478 3081 2879 2723 2546 2329 2856 3255 3670 3425 3386 3283 3321 3276 3247 3060 2924 3112 3504 3843 4183 4556 4710 5107 5550 5393
-9999 -9999 -9999 -9999 -9999 -9999 -9999 -9999 -9999 -9999 6956 6207 5724 5302 4921 4430 4034 3693 3500 3751 4245 4786 4862 5280 5476 5713 5896 5981 5915 5708 5652 5503 5429 5361 5240 5106 5044 4942 4886 4748 4551 4513 4713 5058 5433 6003 6518 6363 5783 5255 4527 4062 3864 3658 3338 3119 3112 2957 2650 2428 2484 2392 2336 2690 3135 4091 4337 3863 3621 3539 3671 3692 3633 3556 3414 3679 3928 4293 4660 5094 5578 5897 5928 5862
-9999 -9999 -9999 -9999 -9999 -9999 -9999 -9999 -9999 -9999 6902 6244 5587 5178 4744 4348 4041 3761 3450 3608 4082 4353 5214 5398 5482 5691 5773 5898 5904 5760 5628 5451 5311 5315 5177 5112 4932 4917 4773 4710 4614 4645 4739 5013 5261 5574 6107 6525 6263 5698 4932 4395 3979 3596 3219 3086 3050 3080 2878 2873 2929 2829 2654 2373 3425 4047 4070 3779 3603 3526 3454 3440 3447 3470 3518 3619 3902 4065 4327 4615 5048 5317 5364 5201
-9999 -9999 -9999 -9999 -9999 -9999 -9999 -9999 -9999 -9999 6972 6400 5866 5406 4999 4788 4458 4181 4013 3996 4400 4646 4757 5033 5050 5073 4983 5198 5218 5172 4959 4854 4710 4676 4629 4461 4320 4266 4181 4169 4184 4177 4195 4441 4632 4832 5079 5431 5559 5404 4845 4416 3934 3430 2944 2575 2498 2423 2571 2653 2732 2508 2403 2994 3946 4591 4603 4207 3991 3791 3741 3746 3741 3806 3919 4064 4228 4455 4650 4954 5164 5270 5286 5064
-9999 -9999 -9999 -9999 -9999 -9999 -9999 -9999 -9999 -9999 6368 5897 5504 5072 4664 4419 4097 3901 3721 3680 3952 4242 4886 5056 5121 4887 4957 5063 5224 5120 4957 4926 4787 4727 4620 4491 4291 4256 4219 4226 4314 4304 4310 4470 4631 4869 4960 5269 5469 5571 5386 4860 4370 3886 3479 3060 3060 3047 3278 3274 3174 3030 3116 3148 3853 4184 3985 3593 3411 3382 3341 3373 3389 3375 3510 3708 3833 4010 4185 4429 4578 4643 4621 4519
-9999 -9999 -9999 -9999 -9999 -9999 -9999 -9999 -9999 -9999 6297 5971 5630 5211 4862 4445 4273 4101 3972 3899 4129 4422 4347 4504 4526 4261 4309 4415 4530 4490 4316 4244 4182 4068 3909 3829 3792 3749 3690 3706 3801 3755 3778 3959 4052 4122 4125 4244 4625 4874 5042 4756 4349 3968 3440 2931 2733 2874 3027 3107 3011 2942 3255 3784 3972 4194 3897 3673 3534 3521 3498 3667 3690 3699 3755 3992 4153 4248 4481 4663 4675 4633 4599 4570
-9999 -9999 -9999 -9999 -9999 -9999 -9999 -9999 -9999 -9999 5755 5448 5195 4833 4494 4173 4009 3916 3631 3606 3758 4008 4379 4553 4422 4303 4336 4398 4354 4282 4167 4147 4125 3875 3795 3716 3677 3684 3753 3765 3837 3887 3923 4024 4026 4011 4105 4255 4327 4635 4839 4752 4443 4393 4077 3860 3814 4207 4417 4649 3727 3813 4077 3706 3855 3629 3071 2987 2966 3062 3130 3203 3381 3442 3445 3599 3767 3913 4050 4156 4140 4052 4065 3985
-9999 -9999 -9999 -9999 -9999 -9999 -9999 -9999 -9999 -9999 5720 5562 5303 4993 4642 4432 4216 4159 4024 3977 4154 4146 3858 3833 3761 3761 3781 3705 3621 3457 3351 3199 3160 3057 3036 3021 3032 3125 3200 3228 3305 3461 3507 3545 3442 3412 3401 3655 3816 3952 4192 3884 3686 3405 3345 3105 3621 3882 4497 4431 3956 3966 3944 4360 4097 3741 3344 3130 3135 3394 3488 3596 3689 3695 3753 3790 3978 4059 4214 4274 4277 4260 4187 4125
