Visibility/Code off linux servers/h1/results.asc
ncols         391
nrows         472
xllcorner     271845
yllcorner     3875415
cellsize      30
NODATA_value  -9999
[rows 407 to 443 of 472, columns 168 to 251 of 391]
2804 2852 2523 2211 1906 1742 1630 1508 1362 1242 1148 1036 986 937 948 940 945 1020 1160 1316 1459 1606 1805 2064 2255 2453 2692 2955 3106 3298 3478 3529 3544 3198 2653 1773 1407 1239 1100 990 899 770 747 696 683 673 671 712 736 750 773 825 887 972 1061 1148 1237 1491 1889 2189 2445 2725 3201 3766 4498 5264 5928 6426 6626 8091 16171 16112 14797 14246 13407 12250 11365 10409 8542 4425 2734 4277 6664 6811
2696 2760 2596 2217 2129 1950 1761 1594 1451 1280 1146 1052 916 817 894 904 885 977 1175 1333 1494 1656 1787 2024 2242 2451 2703 2911 3118 3313 3515 3530 3550 3599 3234 2175 1571 1329 1154 970 879 818 784 738 720 716 694 690 709 747 776 841 891 939 1038 1134 1225 1407 1735 2081 2352 2586 2928 3535 4260 5078 5732 6234 6607 6620 8149 14857 13736 13480 12638 11464 8898 2681 2449 1856 1557 1283 1252 5211
2533 2525 2469 2316 2320 2099 1972 1774 1554 1412 1286 1133 1000 915 897 899 869 968 1156 1266 1400 1594 1778 2005 2188 2469 2625 2880 3058 3246 3431 3500 3574 3437 3158 2758 2002 1498 1216 1008 931 875 844 810 809 753 726 723 697 737 773 833 896 927 993 1126 1194 1368 1682 2038 2397 2634 2963 3503 4257 4957 5658 6135 6631 6869 6903 5638 12185 11819 9445 3327 2830 2251 2023 1565 1273 1135 1093 1038
2234 2160 2106 2054 2159 2142 1991 1844 1741 1533 1334 1218 1069 982 971 890 857 946 1155 1314 1461 1572 1773 1994 2210 2473 2640 2822 3002 3187 3357 3419 3441 3437 3448 3010 2485 1772 1386 1166 1102 1069 975 915 862 821 763 788 745 761 797 853 910 948 1009 1131 1232 1416 1666 1981 2309 2556 2899 3389 4133 4769 5438 6017 6509 6748 6599 4636 3551 3285 3154 2861 2594 2068 1741 1266 1085 982 920 880
1939 1880 1761 1753 1994 2075 1922 1850 1756 1645 1525 1367 1206 1191 1059 985 961 1066 1176 1333 1472 1595 1791 1987 2152 2438 2558 2747 2915 3070 3225 3253 3319 3252 3077 3201 2874 2142 1559 1253 1161 1059 1008 952 906 826 776 787 790 766 799 853 911 978 1013 1115 1205 1413 1755 2152 2498 2775 3105 3572 4171 4785 5299 5837 6287 6471 6106 4966 3309 3163 2957 2644 2225 1849 1570 1122 870 792 705 706
1745 1595 1587 1714 1965 1984 1910 1827 1706 1670 1565 1484 1396 1234 1083 1070 1110 1201 1283 1455 1563 1620 1758 1980 2164 2378 2534 2681 2849 3041 3167 3325 3377 3436 3389 3278 2817 2419 1788 1327 1152 1054 1009 963 917 895 864 813 794 762 792 837 926 997 1060 1135 1288 1479 1733 2115 2470 2725 3044 3456 4076 4510 5060 5428 5829 6063 5388 4773 3508 2603 2803 2395 1969 1489 1246 819 595 505 512 544
1624 1530 1572 1765 1932 1940 1899 1775 1713 1628 1574 1458 1340 1238 1208 1189 1242 1320 1401 1436 1545 1602 1700 1930 2125 2329 2442 2653 2811 3020 3130 3232 3404 3291 3325 3503 3138 2529 2008 1481 1148 1040 979 1000 1010 1063 991 902 803 804 803 846 929 1021 1077 1160 1323 1533 1892 2256 2616 2897 3218 3543 3986 4419 4819 5156 5477 5771 4703 4781 3146 2152 2536 2195 1825 1454 1146 573 238 395 457 577
1564 1506 1502 1654 1833 1889 1884 1773 1661 1615 1536 1445 1392 1308 1245 1225 1222 1244 1303 1437 1402 1517 1720 1916 2175 2380 2517 2733 2911 3061 3162 3330 3501 3640 3671 3822 3552 2822 2295 1612 1296 1089 1089 1181 1264 1243 1108 950 853 773 802 876 985 1082 1150 1296 1449 1660 1940 2256 2611 2909 3162 3640 3950 4301 4668 5025 5260 5591 5106 4425 2968 2464 2486 2095 1660 1355 1125 673 445 506 709 905
1591 1507 1457 1537 1743 1831 1835 1754 1717 1607 1548 1442 1390 1371 1311 1222 1193 1217 1268 1300 1418 1521 1695 1946 2156 2381 2591 2736 2856 3008 3098 3259 3486 3556 3491 3537 3603 3303 2578 1941 1549 1254 1244 1340 1346 1235 1110 939 817 759 761 839 944 1079 1213 1374 1538 1751 2076 2453 2747 3067 3422 3653 3960 4332 4651 4926 5189 5340 4997 4133 3021 2903 2566 2081 1688 1311 1174 1003 708 859 1078 1276
1560 1501 1451 1559 1698 1756 1779 1718 1669 1598 1569 1502 1454 1368 1307 1240 1210 1191 1222 1314 1425 1576 1742 1998 2227 2411 2631 2738 2862 3027 3193 3333 3461 3664 3748 3827 3846 3647 3047 2479 1898 1489 1530 1402 1327 1219 1050 909 790 718 726 776 889 1042 1096 1266 1516 1758 2070 2471 2785 3105 3377 3674 3900 4166 4513 4692 4922 5055 5219 4373 3513 3392 3101 2464 1934 1464 1464 1228 799 886 1078 1416
1509 1511 1505 1523 1639 1738 1773 1746 1659 1639 1601 1576 1511 1436 1296 1232 1132 1135 1218 1352 1466 1593 1805 1989 2259 2415 2588 2703 2825 2963 3113 3265 3338 3453 3554 3599 3826 3943 3375 2761 2345 1982 1652 1418 1245 1125 1034 877 792 708 704 686 747 902 1034 1166 1386 1604 1980 2432 2752 3094 3405 3685 3805 3935 4153 4409 4592 4831 4988 4868 4143 3464 3870 3164 2619 2230 2040 1380 854 656 951 1133
1490 1462 1480 1539 1568 1692 1698 1702 1674 1620 1608 1562 1483 1404 1281 1217 1185 1164 1295 1424 1603 1775 1894 2097 2228 2336 2559 2689 2830 3035 3093 3243 3430 3670 3813 3975 4057 4264 3997 3497 2852 2097 1644 1327 1145 1039 950 872 772 726 657 657 660 764 889 1037 1226 1471 1857 2333 2640 2997 3305 3557 3569 3635 3845 4084 4350 4604 4831 4880 4278 3142 4330 3746 3255 2931 2439 1668 714 416 786 991
1491 1470 1481 1522 1529 1624 1682 1681 1666 1647 1602 1544 1471 1371 1318 1239 1163 1212 1329 1511 1642 1842 1916 2032 2190 2256 2406 2568 2792 2932 3050 3228 3389 3578 3843 3882 4047 3997 4070 3834 2955 2011 1530 1221 1072 954 880 836 762 685 613 569 592 646 783 964 1045 1288 1723 2203 2574 2873 3116 3217 3308 3508 3690 3892 4152 4474 4667 4844 4854 3716 4739 4356 4475 4008 2793 1745 782 414 962 1164
1541 1592 1617 1558 1595 1622 1636 1691 1715 1672 1543 1542 1439 1395 1278 1210 1174 1215 1379 1560 1702 1871 1967 2010 2089 2206 2324 2549 2750 2988 3102 3288 3462 3652 3860 4030 4111 4186 4450 4178 2795 1986 1492 1198 1043 937 867 796 743 677 629 589 587 619 720 920 1062 1333 1666 2089 2429 2701 2916 3080 3220 3370 3567 3733 3992 4328 4524 4704 4735 4342 5092 5037 4614 4496 3407 1895 878 782 1338 1461
1830 1830 1773 1678 1598 1561 1622 1694 1696 1630 1555 1528 1465 1352 1288 1206 1208 1268 1438 1635 1697 1768 1863 1977 2007 2094 2242 2485 2585 2812 2991 3148 3394 3580 3792 3942 4034 4140 4352 4125 2953 2119 1545 1185 998 903 831 783 778 722 679 672 670 671 739 910 1091 1260 1598 1964 2298 2560 2851 3142 3328 3452 3664 3879 4067 4251 4436 4580 4749 4591 2928 4329 4547 3719 2652 1743 826 775 1636 2020
2040 1957 1824 1650 1540 1513 1550 1564 1649 1578 1550 1538 1477 1360 1286 1222 1234 1298 1424 1520 1597 1698 1824 1878 1989 2099 2315 2564 2842 3077 3287 3427 3593 3699 3727 3874 4011 4017 4135 3851 3201 2371 1830 1434 1147 1050 959 882 861 845 805 772 764 712 769 858 1087 1315 1512 1796 2194 2518 2855 3117 3304 3523 3750 3883 4103 4195 4284 4515 4675 4112 3101 2393 2327 1776 1602 1106 786 855 1072 1207
2054 1954 1837 1694 1578 1470 1516 1560 1594 1551 1594 1572 1490 1406 1325 1276 1255 1337 1422 1547 1554 1624 1780 1824 1948 2058 2355 2632 2871 3067 3327 3450 3511 3612 3637 3804 3821 3878 3839 3696 3280 2551 2230 1852 1520 1283 1139 1038 968 956 934 943 871 833 813 880 1050 1246 1453 1711 2134 2575 2885 3169 3393 3590 3776 3903 4017 4077 4271 4412 4636 4213 3234 2326 1974 1539 1341 929 739 822 968 1005
2051 1963 1848 1732 1622 1544 1497 1507 1558 1547 1603 1594 1504 1419 1319 1267 1293 1330 1412 1471 1591 1658 1817 1880 1999 2167 2433 2736 2998 3242 3440 3600 3653 3701 3676 3711 3696 3757 3706 3669 3484 3055 2509 2125 2000 1762 1509 1325 1207 1139 1115 1092 1007 929 852 853 879 1157 1373 1678 2027 2446 2868 3054 3235 3372 3612 3674 3770 3938 4121 4323 4549 4261 3024 2184 1710 1485 1174 872 657 800 896 976
2027 1945 1822 1722 1632 1551 1462 1387 1445 1512 1508 1551 1499 1420 1375 1294 1278 1355 1468 1552 1738 1805 1980 2000 2038 2230 2483 2796 2997 3228 3412 3522 3603 3620 3587 3562 3553 3625 3698 3712 3622 3427 3085 2682 2470 2148 1769 1500 1344 1251 1197 1161 1052 980 914 848 905 1002 1266 1563 1897 2340 2709 2929 2931 3014 3122 3322 3590 3792 4032 4282 4468 4238 2817 2150 1637 1409 1081 756 575 771 931 976
1915 1890 1783 1704 1647 1532 1477 1369 1344 1390 1407 1486 1504 1463 1397 1297 1298 1385 1490 1670 1829 1966 2091 2067 2087 2149 2391 2663 2868 3082 3307 3306 3299 3271 3226 3293 3412 3492 3558 3654 3661 3744 3647 3413 3173 2656 2028 1669 1433 1305 1238 1165 1047 976 861 786 708 850 1082 1402 1692 2049 2408 2567 2582 2744 2859 3089 3387 3651 3911 4078 4203 4091 2795 2068 1647 1400 1061 707 479 716 919 1020
1983 1901 1838 1768 1678 1591 1523 1424 1428 1401 1381 1427 1482 1532 1438 1350 1340 1443 1608 1765 1961 2095 2184 2019 1959 2055 2249 2509 2735 2939 3059 3034 2972 2939 2921 3087 3244 3378 3550 3679 3748 3835 4077 3940 3676 2973 2350 1791 1405 1270 1174 1114 990 919 829 737 696 771 863 1170 1443 1649 1870 2146 2345 2526 2775 2986 3313 3750 4108 4415 4590 4341 2998 2220 1852 1660 1132 795 595 840 1002 1019
2133 2017 1933 1863 1780 1686 1585 1539 1511 1468 1473 1493 1526 1561 1518 1425 1435 1542 1728 1913 2081 2192 2120 1952 1876 2019 2218 2485 2671 2849 2910 2782 2714 2781 2847 3051 3250 3374 3565 3726 3897 4015 4233 4359 4105 3409 2739 1929 1486 1243 1124 1042 991 927 803 742 677 641 717 914 1079 1300 1487 1759 2085 2338 2640 2974 3307 3830 4229 4443 4770 4222 2963 2519 2148 1978 1477 1223 1061 1164 1177 1145
2304 2111 1985 1924 1845 1768 1717 1648 1610 1605 1601 1576 1610 1583 1548 1531 1591 1750 1888 2057 2236 2314 2194 1971 1951 2079 2261 2450 2692 2852 2750 2564 2527 2640 2810 3028 3230 3361 3530 3765 3937 4113 4354 4523 4515 3977 3263 2094 1547 1276 1156 1057 988 926 817 752 697 634 676 741 830 992 1167 1421 1734 2115 2508 2828 3233 3684 4090 4441 4383 3832 3364 2588 2353 2204 1924 1796 1746 1583 1525 1234
2413 2319 2111 2026 1920 1869 1822 1774 1724 1699 1658 1634 1580 1534 1552 1618 1764 1937 2132 2325 2433 2411 2250 2099 2103 2261 2466 2663 2864 2812 2587 2352 2365 2505 2749 2979 3198 3412 3560 3781 4002 4174 4433 4572 4766 4469 3625 2408 1681 1420 1246 1127 1040 945 903 862 775 688 626 708 735 828 969 1125 1417 1909 2303 2672 3015 3371 3675 3894 3594 3360 3363 3149 2485 2375 2402 2236 1893 1794 1566 1433
2663 2522 2254 2180 2059 2018 1983 1889 1800 1723 1670 1613 1532 1535 1552 1702 1877 2068 2260 2455 2559 2537 2308 2270 2274 2394 2548 2750 2920 2856 2508 2224 2224 2453 2683 2902 3167 3402 3608 3806 4004 4213 4357 4481 4695 4651 3928 2770 1974 1608 1363 1195 1083 1020 976 890 819 757 683 714 748 765 895 1047 1312 1664 2076 2455 2746 2977 3178 3121 2904 2853 3153 3120 2811 2615 2402 2209 1860 1642 1561 1521
2858 2595 2457 2367 2258 2142 2094 1970 1864 1766 1700 1635 1620 1608 1630 1752 1955 2135 2392 2576 2689 2546 2409 2267 2244 2408 2615 2716 2819 2732 2324 2145 2180 2381 2648 2951 3206 3456 3617 3818 3998 4159 4365 4438 4515 4884 4248 3490 2402 1835 1553 1360 1201 1133 1030 937 891 836 790 759 819 805 897 1031 1246 1486 1790 2184 2491 2684 2841 2826 2843 2904 3120 3243 2847 2673 2279 1904 1596 1435 1477 1555
3008 2908 2670 2506 2360 2251 2158 2028 1936 1867 1770 1755 1715 1733 1664 1807 1881 2059 2362 2580 2718 2613 2354 2131 2235 2336 2453 2647 2686 2578 2145 2012 2123 2373 2684 2969 3249 3458 3625 3775 3963 4095 4291 4391 4489 4585 4727 4109 2847 1935 1655 1436 1254 1103 978 924 864 813 788 717 776 776 854 1005 1210 1388 1623 1876 2127 2355 2552 2652 2691 2809 3021 3159 2868 2569 2189 1646 1465 1324 1371 1488
3044 2976 2778 2605 2431 2300 2194 2075 1995 1958 1900 1866 1876 1854 1811 1758 1800 1990 2144 2559 2710 2543 2306 2140 2303 2430 2412 2484 2558 2392 2111 2049 2110 2380 2670 2949 3239 3424 3601 3733 3868 4082 4229 4408 4546 4605 4865 4535 3393 2312 1915 1603 1394 1160 1084 1007 904 883 780 718 689 728 798 947 1096 1324 1491 1632 1903 2186 2419 2617 2666 2826 3155 3067 2718 2399 2125 1593 1360 1208 1270 1373
3007 3007 2699 2637 2473 2373 2222 2169 2111 2048 2028 2016 2054 1994 1927 1827 1761 1726 2064 2301 2596 2582 2346 2326 2375 2336 2342 2379 2401 2317 2129 2060 2141 2388 2657 2870 3152 3345 3556 3728 3866 4012 4225 4430 4562 4667 5005 4767 4149 2784 2189 1903 1677 1395 1207 1026 914 881 723 688 650 674 744 843 997 1183 1379 1505 1724 2002 2350 2626 2866 2966 3145 2973 2540 2225 1906 1520 1259 1150 1117 1129
2921 2952 2880 2753 2550 2473 2408 2286 2189 2162 2154 2171 2182 2112 1987 1815 1595 1631 1780 2214 2433 2503 2402 2261 2179 2182 2177 2260 2256 2270 2185 2095 2164 2405 2606 2839 3048 3264 3531 3697 3869 4059 4308 4489 4636 4764 5078 5022 4467 3291 2528 2086 1799 1545 1282 1071 936 829 711 710 665 646 667 762 933 1068 1253 1448 1624 1983 2338 2699 2925 3044 3219 2877 2417 2139 1779 1519 1307 1079 1060 1134
3010 3209 3255 3116 2814 2717 2654 2515 2361 2310 2323 2336 2329 2243 2052 1927 1795 1611 1684 2018 2344 2486 2325 2223 1966 2006 1997 2123 2223 2262 2221 2153 2235 2392 2568 2729 2948 3199 3481 3704 3913 4122 4328 4532 4695 4926 4983 5050 4728 3177 2365 1989 1717 1476 1240 1038 920 860 767 679 673 637 679 763 914 1067 1248 1444 1630 1959 2370 2724 2996 3225 3129 2785 2203 1982 1723 1534 1314 1140 1062 1138
2933 3386 3510 3357 3220 3048 2873 2686 2524 2449 2446 2431 2404 2297 2147 2048 1882 1611 1609 1881 2149 2341 2315 1994 1869 1888 1986 2055 2184 2252 2205 2222 2309 2503 2650 2824 2974 3220 3507 3772 4007 4244 4427 4643 4777 5017 4952 4867 4068 2824 2240 1890 1636 1449 1208 1072 973 855 779 738 758 708 792 825 975 1126 1296 1528 1744 1974 2308 2653 2993 3178 3324 2735 2269 2022 1727 1586 1397 1270 1239 1376
2510 3311 3563 3626 3505 3280 3109 2874 2740 2674 2663 2592 2481 2408 2229 2131 2007 1835 1669 1802 2130 2283 2158 2045 1911 1978 2042 2156 2243 2217 2255 2286 2438 2599 2733 2900 3104 3342 3630 3880 4121 4341 4557 4699 4937 5067 4951 4653 3339 2480 2068 1778 1563 1350 1183 1079 980 856 841 794 748 839 913 948 1075 1237 1414 1586 1794 1953 2263 2530 2939 3244 3093 2570 2249 2031 1889 1656 1574 1529 1584 1601
2078 3130 3653 3700 3607 3420 3284 3126 2991 2903 2798 2723 2521 2370 2257 2135 2053 1972 1847 1817 1920 2050 1919 1896 2021 2150 2213 2282 2297 2268 2292 2374 2528 2711 2859 3023 3244 3531 3804 4057 4285 4516 4703 4810 4993 5061 4720 4127 2808 2273 1948 1700 1500 1299 1141 1014 912 843 796 802 817 896 1008 1023 1116 1271 1428 1582 1746 1974 2160 2333 2689 2863 2722 2426 2196 2135 2000 1851 1812 1807 1900 1759
2074 2709 3655 3963 4059 3952 3797 3639 3386 3131 2994 2826 2558 2384 2248 2206 2143 2055 1974 1846 1833 1764 1627 1608 1727 1999 2176 2260 2296 2296 2342 2477 2639 2793 3009 3186 3441 3713 4013 4225 4436 4620 4772 4910 4984 4859 4462 3716 2472 2036 1826 1661 1450 1279 1090 944 855 816 826 867 951 1019 1099 1113 1201 1365 1503 1656 1806 1961 2157 2299 2568 2430 2433 2232 2062 1858 2117 1962 2123 2104 2003 1904
1872 2383 3495 4239 4504 4497 4398 3984 3618 3261 3046 2757 2539 2364 2236 2248 2195 2107 1999 1845 1698 1518 1420 1397 1469 1657 1858 1945 2088 2259 2435 2560 2744 2953 3147 3436 3680 3900 4176 4357 4503 4667 4764 4875 4825 4682 4144 3407 2738 2189 1835 1721 1507 1318 1151 1035 983 917 966 1037 1098 1108 1163 1184 1253 1392 1517 1628 1798 2006 2227 2376 2496 2210 2284 1859 1734 1707 1739 2132 2372 2292 2101 1921
1657 2252 2953 3926 4669 4859 4737 4310 3689 3265 3013 2702 2574 2422 2330 2307 2228 2159 2071 1875 1602 1457 1307 1267 1298 1485 1625 1871 2070 2276 2520 2717 2940 3172 3364 3589 3854 4057 4248 4413 4565 4697 4762 4826 4787 4658 4485 3962 3545 2278 1964 1855 1637 1415 1295 1152 1118 1102 1197 1238 1227 1224 1193 1215 1319 1473 1617 1779 1947 2177 2362 2536 2399 2014 1906 1601 1589 1584 1687 1866 2133 2528 2270 2058
