Visibility/Code off linux servers/h1/results.asc
ncols         391
nrows         472
xllcorner     271845
yllcorner     3875415
cellsize      30
NODATA_value  -9999
[rows 222 to 258 of 472, columns 252 to 335 of 391]
10191 11061 11755 12348 12178 10914 9452 7535 7309 7573 8108 8794 9065 9253 9423 9626 9845 9860 10013 10335 10584 11334 12561 13610 14025 11701 9806 8639 8028 7300 6721 5879 5346 5178 4945 5310 5298 5324 5370 5602 6488 7489 8794 9791 10756 11526 11443 10774 10094 8922 8293 8168 8495 8763 8911 9014 8977 9037 9087 9400 9353 9297 9521 9914 10589 10535 10759 11124 11978 12641 12782 12780 12990 13401 13650 14228 15053 15916 16756 18283 20053 22617 20174 15469
10397 11142 11616 11977 11744 10876 9508 8184 7826 7780 8159 8384 8862 9222 9325 9109 9119 9245 9441 9703 10218 10932 11742 12696 14592 13446 12261 11105 9967 8365 7347 6382 5465 4954 4723 4890 4998 4994 5086 5355 6064 6940 8132 9047 10329 10958 11470 11500 11139 9987 8484 8253 8225 8334 8191 8342 8581 8647 8930 9173 9378 9515 9716 10396 10772 10932 11009 11475 12112 12599 12754 12758 13366 13695 13916 14192 14942 15499 16659 18289 20396 22249 21928 16982
10347 10758 11176 11159 11259 10477 9072 8040 7734 7804 8039 8278 8555 8987 9039 8861 8868 8902 9218 9567 10053 10884 11720 12239 13119 14301 14996 15120 13769 12149 9194 7583 6377 5781 5237 5079 5217 5269 5444 5525 5843 6657 7446 8653 9899 10464 11220 11317 11461 10540 9194 9276 8599 8584 8455 8289 8225 8518 8711 8933 9346 9370 9814 10567 11220 11409 11082 11065 11534 11853 12091 12162 12675 12988 13247 13971 14467 15395 16105 17315 19017 21472 22660 19064
10425 10796 11011 11066 11058 10576 9443 8277 7730 8089 8364 8516 8768 9076 9092 8827 8621 8418 8903 9260 10155 10645 11270 11777 12291 12617 13636 14359 14661 13453 11059 8791 7233 6385 5644 5420 5306 5382 5386 5560 5588 6106 6996 7734 8580 9377 9485 9458 9734 9376 9151 9146 8697 8557 8430 8254 8437 8703 8917 9384 9781 10035 10463 11121 11743 12433 12362 11744 11680 11746 11877 12118 12401 12734 13247 13825 14504 15356 16120 17043 18355 19593 23840 20301
10129 10249 10503 10572 10287 9834 9248 8409 8246 8177 8230 8416 8763 9052 8951 8903 8765 8558 8841 9592 10150 10451 10932 11316 11762 11990 12194 12548 12300 13103 12883 11436 8829 7376 6814 6341 5856 5583 5649 5786 5797 6035 6568 7099 7647 7778 7535 8410 8786 9024 8625 8581 8564 8415 8659 8495 8394 8657 8763 9200 9893 10468 10617 11321 12124 12841 12748 12820 12366 11798 11824 12116 12396 12727 12924 13529 14164 15054 15772 16462 17425 18745 20164 19986
9871 10196 10074 10097 9785 9382 8867 8618 8318 8206 8298 8370 8765 9133 9140 8751 8541 8479 8812 9270 9550 9692 10162 10633 10810 11096 11428 11390 11454 11854 12367 12675 10221 8615 7856 6910 6107 5501 5296 5573 5703 5823 5963 6143 6693 6735 7311 7381 7787 7721 7761 7985 8204 8413 8263 8367 8477 8685 8806 9602 10253 10508 11019 11353 11770 12756 13039 13042 13091 12413 12309 12186 12606 12958 13219 13791 14432 15046 15757 16405 17189 18946 19159 18088
9395 9330 9412 9232 8956 8652 8289 7996 7937 7916 7922 7929 8406 8718 8705 8732 8459 8429 8563 8816 9096 9221 9577 9879 10152 10461 10769 10860 11185 12439 13279 14334 12758 10758 9293 8085 6231 5424 5210 5551 5717 5945 6197 6443 6479 6804 7067 7238 7087 7388 7424 7843 8264 8389 8492 8396 8189 8358 8520 9342 10031 10614 11150 11293 11526 11911 12396 12867 12892 12742 12609 12407 12429 12777 13465 13827 14497 15110 15552 15978 17174 18826 17889 15909
9028 9088 8888 8755 8484 8244 8049 7908 7865 7756 7749 7878 8256 8551 8656 8514 8193 7971 7962 8237 8359 8482 8831 9187 9518 9735 10070 10397 10848 12398 13945 15834 15208 12550 10742 7770 6368 5325 5277 5488 5781 5924 6131 6476 6769 6927 6926 6865 6726 6800 7163 7471 7798 8081 7984 8187 8131 8221 8311 9229 10352 11328 11542 11282 11316 11552 12043 12246 12275 12385 12666 12748 12972 13361 13777 14131 14508 14857 15449 15732 16608 18141 15513 14404
8222 8295 8128 7985 7745 7602 7569 7615 7638 7522 7455 7568 7851 8097 8250 8246 8049 7810 7742 7696 7929 8043 8269 8673 9054 9344 9589 10153 10708 11916 12893 13525 14279 13962 12665 9769 7539 6418 6008 6167 6310 6309 6564 6693 7139 7099 7269 7318 7324 7278 7190 7359 7546 7857 8078 7771 7767 7871 7944 8853 9999 11087 11580 11663 11359 11075 11459 11751 11795 12151 12162 12608 12792 13093 13489 13810 14238 14670 14978 15314 15602 16712 13898 12546
7852 7773 7686 7626 7531 7440 7459 7575 7704 7670 7631 7594 7669 7723 7852 7721 7574 7320 7237 7125 7294 7348 7572 7860 8339 8715 9126 9625 10266 11169 12127 12223 12162 12929 13227 12387 9474 8096 6654 6447 6810 6995 7279 7428 7452 7416 7323 7436 7439 7731 7561 7504 7667 7829 7604 7527 7775 7878 7923 8799 9921 11103 11932 12040 11426 11197 11440 11603 11670 12126 12491 12747 12885 13210 13239 13930 14330 14814 15395 15660 15513 15673 12195 9970
7165 7285 7211 7237 7195 7198 7320 7390 7478 7393 7267 7232 7124 7163 7125 7239 7127 7053 6981 6909 6957 7021 7117 7379 7932 8426 8778 9289 9916 10676 11273 11497 11590 11885 12874 12731 11739 9698 8231 8027 7667 8290 8499 8135 8121 7999 7861 7914 8296 8420 8515 8387 8206 7989 7719 7663 7599 7699 7722 8525 9339 10873 11567 12192 11546 11203 11149 11477 11303 11937 12342 12554 12683 12964 13390 13917 14494 15088 15595 15885 15447 13678 9874 8048
7051 7203 7336 7371 7428 7378 7386 7390 7577 7394 7217 7033 6850 6781 6773 6751 6686 6648 6584 6601 6651 6701 6767 6911 7256 7728 8251 8763 9278 9967 10476 10791 10885 11122 11453 12274 11993 10531 9055 9045 8655 9076 8610 8609 8565 8454 8213 8159 8800 9156 9141 9078 8564 8421 7881 7657 7551 7676 7744 8583 9545 11006 12202 12712 12598 12174 12096 12020 11946 12224 12345 12195 12352 12662 13456 14195 14737 15471 16108 16368 17230 13477 9122 7376
6940 7082 7168 7276 7226 7082 6948 6985 6851 6590 6461 6376 6474 6515 6483 6537 6514 6462 6504 6504 6548 6586 6646 6773 7072 7357 7872 8404 8887 9435 9801 10224 10491 10669 10925 11171 11963 11589 10770 10229 9835 9685 9103 9119 9066 8911 8642 8971 9669 10260 10079 9574 9499 9205 8725 8215 7717 7528 7715 8334 9833 11053 12099 12830 12877 12696 12543 12396 11769 11772 11977 11645 11866 12184 12743 13364 14272 14960 15560 16096 17550 13312 10140 7921
7167 7183 7175 7103 6739 6524 6345 6336 6347 6363 6375 6409 6412 6499 6512 6339 6189 6073 6096 6107 6100 6109 6164 6456 6694 7073 7310 7943 8274 8764 9156 9404 9769 9932 10287 10442 10615 11047 11437 10698 10394 9783 9152 8919 8892 9019 8739 9067 10664 10964 11337 10361 10140 9732 9063 8382 7744 7596 7618 8461 9766 11133 12071 12776 12717 12472 12338 12589 11881 11869 11850 11685 11955 12297 12565 13212 13944 14688 15355 16005 16433 13346 10877 8137
6903 6866 6607 6093 5944 5936 5951 5965 5993 6070 6048 6127 6375 6447 6380 6418 6089 5908 5899 5917 6029 6019 6227 6412 6512 6905 7474 7831 8010 8273 8697 9105 9283 9492 9873 10095 10286 10173 11429 12181 12296 11062 10384 9533 9506 9421 9074 10092 11399 12844 13722 12924 11922 10650 9628 7950 6945 6671 7061 8287 9955 10858 11448 12014 12402 12164 12316 12437 12209 11756 11675 11485 11557 11554 12032 12689 13400 14030 14570 15323 15237 12724 10428 8353
7243 6533 6138 6182 6101 6017 6001 6008 6044 6024 6092 6204 6511 6491 6597 6209 5765 5532 5499 5604 5667 5839 6064 6286 6254 6387 6855 7195 7763 8124 8393 8540 8666 8978 9334 9661 9632 9781 10368 11999 12890 12349 11966 10480 10021 9394 9474 10220 11307 13158 13944 14331 13690 12396 8827 7021 6392 6418 6858 9281 10507 11102 11511 11817 11891 12385 12456 12091 11844 11744 11893 11701 11710 11393 11642 12170 12783 13458 13997 14899 14921 12544 11228 7781
7470 6652 6176 5946 5936 5892 5950 5893 5827 5794 5844 6004 6185 6341 6432 6284 5981 5497 5438 5412 5590 5853 6096 6204 6264 6194 6132 6684 7699 7897 8245 8323 8496 8708 9080 9293 9394 9650 10343 11066 12573 13054 13354 12809 11502 9570 9901 10457 11678 12674 13374 14633 14454 13175 9164 6710 5508 5692 6839 9368 10650 11180 11593 11411 11966 12243 12162 11818 11568 11683 11706 11668 11371 11128 11061 11395 11876 12396 13041 13155 13260 11793 9490 7278
7879 7749 7004 6410 6358 6148 6119 6033 5871 5764 5706 5932 6178 6406 6857 6449 6005 5571 5318 5191 5124 5396 5891 6095 6158 6156 5942 6094 7333 7655 7875 8004 8089 8357 8536 8754 8878 9236 9651 10091 10885 11914 13203 13044 11121 8874 9899 10473 11451 12260 12547 12331 12248 11134 9895 6137 5420 5509 7456 9447 11075 11693 11721 11767 11909 12050 11908 11967 11729 11726 11835 11738 11335 10735 10728 10853 11137 11580 12366 12664 13489 10410 8929 6563
7755 7861 7227 6728 6481 6188 5946 5955 5772 5444 5395 5691 5946 6417 6919 6727 6356 5930 5494 5290 5230 5592 6086 6648 6677 6394 6405 6721 7047 7325 7617 7623 7751 7993 8246 8399 8680 8928 9318 9816 10322 11514 11779 12746 10891 10298 10236 10769 11168 11751 10839 10682 10267 10121 9362 6871 5743 5763 7355 8908 10489 11457 11891 12266 12151 12145 11968 11610 11548 11672 11564 11624 11161 10722 10244 10020 10416 10624 11512 11906 12077 9305 7782 6242
7229 7476 7165 6918 6950 6602 6441 6159 5804 5410 5248 5554 6105 6467 6951 6529 6356 6290 5752 5301 5297 5908 6676 7456 7265 7074 6875 6468 6188 6775 7016 7087 7287 7555 7770 8047 8263 8491 8836 9311 9976 10667 10590 10737 10083 9956 10101 10815 11044 10747 10153 9007 9123 8544 8690 7227 6656 6341 7633 9155 10590 11796 12447 12813 12918 12790 12231 11819 11658 11321 11413 11558 11602 10833 10016 9315 9529 10307 11136 11638 11750 10579 7567 6505
7488 7844 7760 7665 7326 7140 6913 6516 6056 5369 4976 5472 6151 6708 6896 6827 6918 6655 6400 6043 6143 6306 7206 7184 6528 6279 5954 5476 5947 6264 6215 6428 7143 7411 7674 7872 8016 8193 8515 9270 10101 10216 10390 10825 10565 10412 10900 11231 11182 10228 9527 8741 8313 7000 6937 6508 6390 6703 7965 8735 10219 11503 12373 12785 12917 12624 12675 12052 11436 10977 11070 11481 11268 10425 9383 8708 9067 9760 10547 11325 12509 10531 7799 6872
9565 10140 9318 9255 8791 8245 7861 7048 6508 5795 5356 5669 6627 7204 7612 7551 7182 6830 6637 6111 5868 5730 5936 5546 4928 4624 4650 4865 4700 5392 5954 6168 6558 7041 7305 7534 7692 7878 7766 8625 9122 9662 10115 11312 11517 11795 11727 11609 11872 11043 10346 8905 7818 5986 5595 5685 6351 7569 8065 9190 10563 11671 12521 13060 13367 12994 13158 12488 12058 11187 11366 11893 11750 10568 9465 8971 9236 9855 10450 11285 12686 11141 9039 7757
9600 11351 11998 10563 10036 9427 8748 7640 6653 5657 5416 5459 6539 7328 8153 8106 7779 7332 6882 6408 5916 5408 5112 4829 4247 4141 4221 4401 5374 5364 6067 6339 6639 6847 7181 7418 7584 7755 8138 8692 9883 10335 11325 12388 13398 13728 13357 12373 12598 12898 12337 10944 7721 6186 5537 5516 6208 7439 8003 9189 10510 11747 12691 13202 13476 13258 13903 13529 13228 12743 12431 11758 11900 10346 9027 8514 9402 9927 10299 10917 10993 9054 8790 8360
10419 11680 13440 12233 11268 10217 9439 8196 7180 6502 5989 5764 6705 7725 8180 8377 7826 7456 7162 6366 5982 5206 4761 4616 4205 4373 4298 4641 5147 5164 5418 5756 5882 6420 6842 7086 7234 7283 7732 8642 9132 10325 10934 11725 12648 13349 12991 12005 11504 11834 12071 10787 8562 6836 5823 5672 6778 7326 8079 9366 10766 12184 12985 13570 14094 14028 14506 15013 14700 14501 14773 12497 12030 10322 8107 8655 9862 10455 10693 10387 9337 8620 8207 8271
10469 11681 13810 13416 11946 10807 10010 8511 7799 7148 6729 6628 7071 7792 8103 8614 8168 8196 7543 6879 6279 5638 5326 5223 4809 4892 4964 4560 4519 4625 4889 5386 5514 6094 6568 6893 7119 7505 8213 9248 10365 11021 11666 11848 12032 11402 11023 9692 9617 9782 9877 9506 8418 6980 6463 6403 6675 6897 8146 9473 10824 11886 13013 13583 14264 14481 14883 15475 16041 15650 15667 13221 11586 9563 8380 9522 10521 11148 11222 10597 8688 7465 8011 7860
10691 12444 14582 14035 12583 11353 10278 9062 8655 8252 7829 7539 7430 8173 8775 9166 9366 8749 8166 7326 6262 5789 5591 6155 5842 5939 5196 4799 4778 4717 4859 4872 5049 5674 6123 6464 6630 7082 8226 9254 10415 11109 11478 11225 10628 9814 9906 9308 9058 9059 8794 8433 7703 6936 6522 6595 6919 7519 8964 10280 11345 12037 13328 14028 14421 14680 15002 15953 16825 17089 16264 14222 11602 9721 9167 10195 11163 11977 11866 11102 8940 7039 6966 6445
10835 12597 15213 15347 13391 11998 10772 9866 9300 8850 8388 8207 8002 9095 9563 10708 11117 10135 9575 8812 7989 6976 7299 6781 6702 6105 5280 4754 4715 5101 5022 5028 5236 5527 5982 6316 6784 7343 8287 9327 10189 10835 10690 10617 9560 9571 9405 9164 8952 8701 8192 7952 7526 6964 6536 6934 7161 8270 9529 10560 11613 12346 13468 14089 14385 15146 15179 15854 16910 17313 16945 14591 11936 9707 9420 10846 11780 12323 12033 9055 7367 5776 5033 4673
11182 11653 14997 15688 14572 12679 11255 10291 10131 9673 9346 9286 9915 9785 10684 9934 9165 9302 8873 8775 8711 8423 7682 6855 6152 5594 5373 4736 4446 4725 5076 4955 5184 5530 5694 6006 6510 6893 7610 8246 9157 9761 9811 9531 8979 8828 8704 8518 8282 7590 7262 6996 6649 6292 6398 6886 7692 9161 10309 11282 12184 12914 13824 14583 14741 15427 16056 16697 17600 18228 17555 14934 12341 10171 10524 11906 12640 13102 11102 7724 6263 4480 3872 3565
11112 11603 15256 15649 14554 12951 12415 12272 11942 11512 11555 11214 11413 10676 9777 8710 7679 7514 7909 7937 8073 7811 7711 6923 6354 4994 4442 4102 4095 4378 4880 5184 5354 5385 5635 6000 6275 6410 6930 7589 8349 8923 8829 8828 8388 8302 8167 7925 7486 7061 6774 6524 6315 6339 6671 7305 8059 9532 10559 11535 12056 12799 13948 14631 15286 15751 16354 16878 17552 18447 18134 15764 13325 11931 12665 12799 13192 12964 8432 6441 5256 3474 2919 2795
11308 12199 16364 16806 14761 15040 13952 13742 13740 12691 12468 11857 11472 10073 8983 7201 6749 5780 5746 5637 6616 7150 7105 6536 5876 5055 4250 3189 3021 3509 4312 4732 5371 5395 5570 5702 5798 6024 6108 6837 7397 7755 7978 7809 7576 7237 7056 6764 6506 6138 6031 5979 6062 6126 6765 7760 9019 10170 11200 12274 12644 13411 14461 15873 16189 16704 17243 18083 18201 18909 18919 16719 15644 14395 14639 14643 14051 10868 7425 5861 5070 3283 2889 2517
11309 11879 16084 17862 17638 16293 13785 12786 11531 11421 11012 10091 9682 9227 7742 7121 6405 5534 5275 5186 5286 5784 6389 6157 5707 5407 4791 4063 3441 3750 4348 4960 5226 5591 5765 5880 6097 6093 6096 6318 6682 7324 7615 7459 6739 6262 6254 6061 6043 6066 6049 6088 6239 6880 8027 9302 9919 10987 11883 12508 12804 13597 14694 16389 16664 16973 17605 18528 19395 20078 19528 18134 17426 16676 16307 15507 12976 8765 6762 5459 5028 4084 2834 2400
11442 11980 15659 19185 18652 14885 12451 9909 7382 7108 7375 7245 7139 7686 7462 7082 6504 5224 4758 4714 4758 4894 5226 5591 5368 5416 5416 5108 4869 4258 4090 4418 5347 5585 5742 5929 6090 5878 5920 6126 6578 7124 7447 7213 6505 5842 5405 5636 5664 5641 5790 6088 6843 7960 9217 10376 11401 11845 12377 12927 13250 14093 15453 17594 18033 17692 18362 19024 20047 20730 20567 19807 19660 18335 17498 14836 11474 8582 6654 6022 5575 5041 4293 2818
11185 11711 15984 17529 14940 13317 10017 7747 6584 6282 6115 5913 5849 6397 6636 6592 6241 5706 5022 4614 4566 4518 4603 4640 4695 5315 5548 5528 4891 5229 4331 4731 5285 5877 6047 5893 5709 5754 5861 6169 6547 7216 7568 7167 6852 6303 5680 5769 5445 5517 5811 6767 8257 9385 10275 11144 11902 12421 12958 13174 13487 14402 15941 17855 19172 18574 18320 19056 19634 20683 20577 19158 20010 19545 17070 14719 12598 10130 7228 6877 6058 5731 5079 4128
11123 12618 12572 9873 10778 10123 9297 7975 6490 6111 5592 5464 5294 5331 5332 6037 5701 5448 4997 4565 4304 4221 4171 4136 4129 4246 4818 5628 6048 5742 4729 5118 5453 5675 5792 5526 5272 5391 5452 5599 6139 6702 7203 6695 6290 5862 5807 5617 5455 5670 6201 7731 8871 9765 10680 10919 12341 12842 13514 13828 13909 14746 16456 18303 20798 19939 18716 19046 18817 19362 18323 12709 11989 13627 13919 14227 13421 10801 9591 8721 7974 7058 6529 5607
13344 11489 9065 8197 8607 8938 8567 7890 6906 6432 5573 4912 4584 4529 4445 4458 4713 4850 4741 4504 4355 4155 3947 4025 4186 4488 5650 6333 6292 5853 5522 5127 5793 5969 6182 5983 5593 5221 5259 5452 6077 6360 6637 6117 5959 5938 5958 6293 6753 6972 7813 8456 9424 9649 10464 11174 11876 12397 12814 13131 13233 13088 14916 18686 22087 20799 18929 17972 16668 10418 8490 7877 7408 7620 7788 11231 11365 11166 10306 9804 8902 8254 7527 6558
15822 8185 7244 7071 6930 7689 7820 7573 7070 6829 5998 5194 4506 3965 3920 3694 3806 3826 4042 4184 4185 4007 3648 3747 4134 4594 5565 5967 6248 5964 5605 5446 5865 6038 5870 6028 5443 5404 5357 5252 5438 6000 6181 5983 5861 5583 5868 6733 7631 8297 8596 8993 9701 9517 10126 10918 11714 12363 12848 11986 10899 11247 13983 19098 23186 22282 19195 17695 12614 6636 6458 5776 5525 5670 6173 6459 7979 9689 9399 8876 8662 7972 7265 6340
13803 8689 6696 5995 5802 5922 6741 7074 7081 7021 5668 4601 4069 4062 3613 3260 3009 2769 3114 3482 3941 4148 4192 4231 4224 4524 4917 5355 5534 5805 5829 6060 6318 6480 6298 6452 6254 5842 5686 5560 5581 6008 6422 6292 5981 5848 6413 7461 9088 9679 9829 9725 10194 10291 9821 10462 11064 11751 12370 10877 9323 9945 13066 18498 23412 22951 18876 15894 10054 4759 4310 3973 3885 3986 4359 4703 4961 5184 4835 4990 5971 6456 5734 5398
